regression_id,model_id,arm_group,scope,metric_name,grid_index,x,p_wrong,ci_low,ci_high
cumulative-state-load,deepseek-v4-pro-0813-high,all-arms,dynamic,Omega_hat_StateLoad,0,11158.999999999996,0.029146439274415101,0.0060003838802447189,0.12990800426042751
cumulative-state-load,deepseek-v4-pro-0813-high,all-arms,dynamic,Omega_hat_StateLoad,1,11581.949338495931,0.029555746146128496,0.0061480022212698727,0.13039276989761817
cumulative-state-load,deepseek-v4-pro-0813-high,all-arms,dynamic,Omega_hat_StateLoad,2,12020.92933770825,0.029970623521077305,0.0062991860141072518,0.13087985677096897
cumulative-state-load,deepseek-v4-pro-0813-high,all-arms,dynamic,Omega_hat_StateLoad,3,12476.547593061785,0.030391142198337835,0.0064540183150088096,0.13136929029506769
cumulative-state-load,deepseek-v4-pro-0813-high,all-arms,dynamic,Omega_hat_StateLoad,4,12949.434729113271,0.030817373735165594,0.0066125839677389671,0.13186109648554756
cumulative-state-load,deepseek-v4-pro-0813-high,all-arms,dynamic,Omega_hat_StateLoad,5,13440.245272403417,0.031249390451020619,0.0067749696345931329,0.13235530197823531
cumulative-state-load,deepseek-v4-pro-0813-high,all-arms,dynamic,Omega_hat_StateLoad,6,13949.658557391869,0.031687265431481745,0.0069412638275435099,0.13285193404901033
cumulative-state-load,deepseek-v4-pro-0813-high,all-arms,dynamic,Omega_hat_StateLoad,7,14478.379666729001,0.032131072532044967,0.0071115569394844041,0.13335102063440815
cumulative-state-load,deepseek-v4-pro-0813-high,all-arms,dynamic,Omega_hat_StateLoad,8,15027.14040716596,0.032580886381800192,0.0072859412755471144,0.13385259035299946
cumulative-state-load,deepseek-v4-pro-0813-high,all-arms,dynamic,Omega_hat_StateLoad,9,15596.700322453744,0.033036782386981156,0.007464511084452714,0.13435667252757494
cumulative-state-load,deepseek-v4-pro-0813-high,all-arms,dynamic,Omega_hat_StateLoad,10,16187.847744633253,0.033498836734382753,0.0076473625898678399,0.13486329720817464
cumulative-state-load,deepseek-v4-pro-0813-high,all-arms,dynamic,Omega_hat_StateLoad,11,16801.400885171432,0.03396712639464005,0.0078345940217268168,0.13537249519599362
cumulative-state-load,deepseek-v4-pro-0813-high,all-arms,dynamic,Omega_hat_StateLoad,12,17438.208967453742,0.034441729125363259,0.0080263056474803238,0.13588429806820454
cumulative-state-load,deepseek-v4-pro-0813-high,all-arms,dynamic,Omega_hat_StateLoad,13,18099.15340220042,0.034922723474122355,0.0082225998032280697,0.13639873820373549
cumulative-state-load,deepseek-v4-pro-0813-high,all-arms,dynamic,Omega_hat_StateLoad,14,18785.149007433603,0.035410188781275442,0.0084235809246901855,0.13691584881004421
cumulative-state-load,deepseek-v4-pro-0813-high,all-arms,dynamic,Omega_hat_StateLoad,15,19497.145274683502,0.035904205182634416,0.0086293555779684127,0.13743566395093379
cumulative-state-load,deepseek-v4-pro-0813-high,all-arms,dynamic,Omega_hat_StateLoad,16,20236.127683186642,0.03640485361196142,0.0088400324900455921,0.13795821857545174
cumulative-state-load,deepseek-v4-pro-0813-high,all-arms,dynamic,Omega_hat_StateLoad,17,21003.119063894865,0.036912215803289843,0.0090557225789676919,0.13848354854792416
cumulative-state-load,deepseek-v4-pro-0813-high,all-arms,dynamic,Omega_hat_StateLoad,18,21799.181015183127,0.037426374293062566,0.0092765389836494249,0.13901169067917202
cumulative-state-load,deepseek-v4-pro-0813-high,all-arms,dynamic,Omega_hat_StateLoad,19,22625.415372215553,0.037947412422081141,0.0095025970932406285,0.1395426827589622
cumulative-state-load,deepseek-v4-pro-0813-high,all-arms,dynamic,Omega_hat_StateLoad,20,23482.965732003555,0.038475414337258367,0.0097340145759860965,0.14007656358974932
cumulative-state-load,deepseek-v4-pro-0813-high,all-arms,dynamic,Omega_hat_StateLoad,21,24373.019036266804,0.039010464993167494,0.0099709114075078147,0.14061337302176377
cumulative-state-load,deepseek-v4-pro-0813-high,all-arms,dynamic,Omega_hat_StateLoad,22,25296.807214287943,0.039552650153380463,0.010213409898433674,0.14115315198950776
cumulative-state-load,deepseek-v4-pro-0813-high,all-arms,dynamic,Omega_hat_StateLoad,23,26255.608888034898,0.040102056391587801,0.010461634721291984,0.14169594254972157
cumulative-state-load,deepseek-v4-pro-0813-high,all-arms,dynamic,Omega_hat_StateLoad,24,27250.751141910903,0.040658771092492468,0.01071571293658638,0.1422417879208859
cumulative-state-load,deepseek-v4-pro-0813-high,all-arms,dynamic,Omega_hat_StateLoad,25,28283.611359581715,0.041222882452469932,0.010975774017960108,0.14279073252432986
cumulative-state-load,deepseek-v4-pro-0813-high,all-arms,dynamic,Omega_hat_StateLoad,26,29355.619130422398,0.041794479479986588,0.011241949876353543,0.14334282202701837
cumulative-state-load,deepseek-v4-pro-0813-high,all-arms,dynamic,Omega_hat_StateLoad,27,30468.258228222447,0.042373651995768216,0.011514374883052703,0.14389810338609135
cumulative-state-load,deepseek-v4-pro-0813-high,all-arms,dynamic,Omega_hat_StateLoad,28,31623.06866488792,0.04296049063271045,0.011793185891520288,0.14445662489524119
cumulative-state-load,deepseek-v4-pro-0813-high,all-arms,dynamic,Omega_hat_StateLoad,29,32821.648821983166,0.043555086835522713,0.012078522257895206,0.14501843623300364
cumulative-state-load,deepseek-v4-pro-0813-high,all-arms,dynamic,Omega_hat_StateLoad,30,34065.657663062448,0.044157532860097236,0.012370525860038496,0.14558358851305936
cumulative-state-load,deepseek-v4-pro-0813-high,all-arms,dynamic,Omega_hat_StateLoad,31,35356.81702985349,0.044767921772594199,0.012669341114998024,0.14615213433662899
cumulative-state-load,deepseek-v4-pro-0813-high,all-arms,dynamic,Omega_hat_StateLoad,32,36696.914025471226,0.04538634744823436,0.012975114994755468,0.14672412784706651
cumulative-state-load,deepseek-v4-pro-0813-high,all-arms,dynamic,Omega_hat_StateLoad,33,38087.803487960271,0.046012904569790042,0.013287997040112572,0.1472996247867471
cumulative-state-load,deepseek-v4-pro-0813-high,all-arms,dynamic,Omega_hat_StateLoad,34,39531.410557589756,0.046647688625765377,0.013608139372565135,0.14787868255635586
cumulative-state-load,deepseek-v4-pro-0813-high,all-arms,dynamic,Omega_hat_StateLoad,35,41029.733341454245,0.047290795908256439,0.01393569670400388,0.14846136027669357
cumulative-state-load,deepseek-v4-pro-0813-high,all-arms,dynamic,Omega_hat_StateLoad,36,42584.845679068065,0.047942323510481784,0.014270826344074214,0.14904771885311052
cumulative-state-load,deepseek-v4-pro-0813-high,all-arms,dynamic,Omega_hat_StateLoad,37,44198.90001278196,0.048602369323973917,0.014613688205015752,0.14963782104269413
cumulative-state-load,deepseek-v4-pro-0813-high,all-arms,dynamic,Omega_hat_StateLoad,38,45874.13036699417,0.049271032035421748,0.014964444803793832,0.15023173152433972
cumulative-state-load,deepseek-v4-pro-0813-high,all-arms,dynamic,Omega_hat_StateLoad,39,47612.855440279993,0.049948411123154221,0.015323261261325006,0.15082951697183594
cumulative-state-load,deepseek-v4-pro-0813-high,all-arms,dynamic,Omega_hat_StateLoad,40,49417.481814719373,0.050634606853255118,0.015690305298586942,0.15143124613011075
cumulative-state-load,deepseek-v4-pro-0813-high,all-arms,dynamic,Omega_hat_StateLoad,41,51290.507286864762,0.051329720275298703,0.016065747229393655,0.15203698989478115
cumulative-state-load,deepseek-v4-pro-0813-high,all-arms,dynamic,Omega_hat_StateLoad,42,53234.52432495961,0.052033853217696054,0.016449759949603644,0.15264682139516644
cumulative-state-load,deepseek-v4-pro-0813-high,all-arms,dynamic,Omega_hat_StateLoad,43,55252.223657192553,0.052747108282641265,0.016842518922517539,0.15326081608092512
cumulative-state-load,deepseek-v4-pro-0813-high,all-arms,dynamic,Omega_hat_StateLoad,44,57346.397995954001,0.053469588840647654,0.017244202160209297,0.15387905181248676
cumulative-state-load,deepseek-v4-pro-0813-high,all-arms,dynamic,Omega_hat_StateLoad,45,59519.945903249762,0.054201399024662256,0.017654990200520828,0.15450160895545828
cumulative-state-load,deepseek-v4-pro-0813-high,all-arms,dynamic,Omega_hat_StateLoad,46,61775.875802621864,0.054942643723748547,0.01807506607943735,0.15512857047919137
cumulative-state-load,deepseek-v4-pro-0813-high,all-arms,dynamic,Omega_hat_StateLoad,47,64117.310143129616,0.055693428576325983,0.018504615298546443,0.15576002205970449
cumulative-state-load,deepseek-v4-pro-0813-high,all-arms,dynamic,Omega_hat_StateLoad,48,66547.48972115411,0.05645385996295544,0.018943825787267818,0.15639605218717137
cumulative-state-load,deepseek-v4-pro-0813-high,all-arms,dynamic,Omega_hat_StateLoad,49,69069.77816600824,0.05722404499865924,0.019392887859527419,0.15703675227818256
cumulative-state-load,deepseek-v4-pro-0813-high,all-arms,dynamic,Omega_hat_StateLoad,50,71687.666595560542,0.058004091524764573,0.019851994164531889,0.15768221679301095
cumulative-state-load,deepseek-v4-pro-0813-high,all-arms,dynamic,Omega_hat_StateLoad,51,74404.778448317011,0.058794108100258681,0.020321339631284064,0.15833254335811239
cumulative-state-load,deepseek-v4-pro-0813-high,all-arms,dynamic,Omega_hat_StateLoad,52,77224.874498648787,0.059594203992644236,0.020801121406462477,0.15898783289410853
cumulative-state-load,deepseek-v4-pro-0813-high,all-arms,dynamic,Omega_hat_StateLoad,53,80151.858062107436,0.060404489168283886,0.021291538785270923,0.15964818974950876
cumulative-state-load,deepseek-v4-pro-0813-high,all-arms,dynamic,Omega_hat_StateLoad,54,83189.780398032555,0.061225074282221292,0.021792793134845702,0.16031372184043535
cumulative-state-load,deepseek-v4-pro-0813-high,all-arms,dynamic,Omega_hat_StateLoad,55,86342.846316929397,0.062056070667467565,0.022305087809788994,0.1609845407966376
cumulative-state-load,deepseek-v4-pro-0813-high,all-arms,dynamic,Omega_hat_StateLoad,56,89615.420000377868,0.062897590323741051,0.022828628059379422,0.1616607621140774
cumulative-state-load,deepseek-v4-pro-0813-high,all-arms,dynamic,Omega_hat_StateLoad,57,93012.031041528084,0.063749745905648386,0.023363620925988652,0.16234250531439892
cumulative-state-load,deepseek-v4-pro-0813-high,all-arms,dynamic,Omega_hat_StateLoad,58,96537.380714543382,0.064612650710294969,0.023910275134215741,0.16302989411158939
cumulative-state-load,deepseek-v4-pro-0813-high,all-arms,dynamic,Omega_hat_StateLoad,59,100196.34848166823,0.065486418664312734,0.024468800970228057,0.16372305658616418
cumulative-state-load,deepseek-v4-pro-0813-high,all-arms,dynamic,Omega_hat_StateLoad,60,103993.99874692765,0.066371164310293163,0.02503941015077801,0.16442212536721765
cumulative-state-load,deepseek-v4-pro-0813-high,all-arms,dynamic,Omega_hat_StateLoad,61,107935.58786580569,0.06726700279261337,0.025622315681344231,0.16512723782268751
cumulative-state-load,deepseek-v4-pro-0813-high,all-arms,dynamic,Omega_hat_StateLoad,62,112026.57142060563,0.0681740498426429,0.026217731702822707,0.16583853625820796
cumulative-state-load,deepseek-v4-pro-0813-high,all-arms,dynamic,Omega_hat_StateLoad,63,116272.61177156115,0.069092421763319728,0.026825873326174809,0.16655616812492213
cumulative-state-load,deepseek-v4-pro-0813-high,all-arms,dynamic,Omega_hat_StateLoad,64,120679.58589415067,0.070022235413082376,0.027446956454414927,0.16728028623665056
cumulative-state-load,deepseek-v4-pro-0813-high,all-arms,dynamic,Omega_hat_StateLoad,65,125253.59351346194,0.070963608189146585,0.028081197591301264,0.16801104899681873
cumulative-state-load,deepseek-v4-pro-0813-high,all-arms,dynamic,Omega_hat_StateLoad,66,130000.96554686614,0.071916658010114182,0.028728813636071666,0.16874862063555743
cumulative-state-load,deepseek-v4-pro-0813-high,all-arms,dynamic,Omega_hat_StateLoad,67,134928.27286668657,0.072881503297902064,0.029390021663545571,0.16949317145740506
cumulative-state-load,deepseek-v4-pro-0813-high,all-arms,dynamic,Omega_hat_StateLoad,68,140042.33539499232,0.073858262958979362,0.030065038688894478,0.17024487810004726
cumulative-state-load,deepseek-v4-pro-0813-high,all-arms,dynamic,Omega_hat_StateLoad,69,145350.23154310038,0.074847056364899953,0.030754081416363092,0.17100392380453852
cumulative-state-load,deepseek-v4-pro-0813-high,all-arms,dynamic,Omega_hat_StateLoad,70,150859.30800885765,0.075848003332119718,0.03145736597120604,0.17177049869746694
cumulative-state-load,deepseek-v4-pro-0813-high,all-arms,dynamic,Omega_hat_StateLoad,71,156577.18994525884,0.076861224101085451,0.032175107614090051,0.17254480008551304
cumulative-state-load,deepseek-v4-pro-0813-high,all-arms,dynamic,Omega_hat_StateLoad,72,162511.79151447647,0.077886839314583955,0.032907520437194471,0.17332703276287534
cumulative-state-load,deepseek-v4-pro-0813-high,all-arms,dynamic,Omega_hat_StateLoad,73,168671.32684191057,0.078924969995340336,0.033654817041232819,0.1741174093320309
cumulative-state-load,deepseek-v4-pro-0813-high,all-arms,dynamic,Omega_hat_StateLoad,74,175064.32138541964,0.079975737522852655,0.034417208192607643,0.17491615053829163
cumulative-state-load,deepseek-v4-pro-0813-high,all-arms,dynamic,Omega_hat_StateLoad,75,181699.62373546918,0.0810392636094526,0.035194902459904087,0.17572348561862822
cumulative-state-load,deepseek-v4-pro-0813-high,all-arms,dynamic,Omega_hat_StateLoad,76,188586.41786253048,0.082115670275580407,0.03598810582892488,0.1765396526652156
cumulative-state-load,deepseek-v4-pro-0813-high,all-arms,dynamic,Omega_hat_StateLoad,77,195734.23582868115,0.083205079824263062,0.03679702129547166,0.17736489900414318
cumulative-state-load,deepseek-v4-pro-0813-high,all-arms,dynamic,Omega_hat_StateLoad,78,203152.97098100197,0.084307614814784812,0.037621848435081505,0.17819948158972743
cumulative-state-load,deepseek-v4-pro-0813-high,all-arms,dynamic,Omega_hat_StateLoad,79,210852.89164503088,0.085423398035539541,0.038462782948942974,0.17904366741482591
cumulative-state-load,deepseek-v4-pro-0813-high,all-arms,dynamic,Omega_hat_StateLoad,80,218844.65533722739,0.086552552476054076,0.039320016185231281,0.1798977339375403
cumulative-state-load,deepseek-v4-pro-0813-high,all-arms,dynamic,Omega_hat_StateLoad,81,227139.32351611898,0.087695201298172945,0.040193734635130894,0.18076196952464846
cumulative-state-load,deepseek-v4-pro-0813-high,all-arms,dynamic,Omega_hat_StateLoad,82,235748.37689254669,0.088851467806393469,0.041084119402847022,0.18163667391206742
cumulative-state-load,deepseek-v4-pro-0813-high,all-arms,dynamic,Omega_hat_StateLoad,83,244683.73132020084,0.090021475417343358,0.041991345648952738,0.18252215868259797
cumulative-state-load,deepseek-v4-pro-0813-high,all-arms,dynamic,Omega_hat_StateLoad,84,253957.75428844139,0.091205347628389402,0.042915582006473774,0.18341874776112765
cumulative-state-load,deepseek-v4-pro-0813-high,all-arms,dynamic,Omega_hat_StateLoad,85,263583.28204023,0.092403207985369787,0.043856989969179583,0.18432677792740992
cumulative-state-load,deepseek-v4-pro-0813-high,all-arms,dynamic,Omega_hat_StateLoad,86,273573.63733886811,0.093615180049440722,0.044815723251633528,0.18524659934642779
cumulative-state-load,deepseek-v4-pro-0813-high,all-arms,dynamic,Omega_hat_StateLoad,87,283942.64790813072,0.094841387363029148,0.045791927120647676,0.18617857611626809
cumulative-state-load,deepseek-v4-pro-0813-high,all-arms,dynamic,Omega_hat_StateLoad,88,294704.66557131987,0.096081953414883833,0.046785737697906685,0.18712308683329074
cumulative-state-load,deepseek-v4-pro-0813-high,all-arms,dynamic,Omega_hat_StateLoad,89,305874.58611572848,0.097337001604217335,0.047797281233653691,0.18808052517425569
cumulative-state-load,deepseek-v4-pro-0813-high,all-arms,dynamic,Omega_hat_StateLoad,90,317467.86991000798,0.098606655203931706,0.048826673351487125,0.1890513004949039
cumulative-state-load,deepseek-v4-pro-0813-high,all-arms,dynamic,Omega_hat_StateLoad,91,329500.56330297794,0.099891037322921303,0.049874018264494294,0.19003583844430305
cumulative-state-load,deepseek-v4-pro-0813-high,all-arms,dynamic,Omega_hat_StateLoad,92,341989.3208334943,0.10119027086744767,0.050939407963146874,0.1910345815940796
cumulative-state-load,deepseek-v4-pro-0813-high,all-arms,dynamic,Omega_hat_StateLoad,93,354951.42828211881,0.10250447850157927,0.052022921375615656,0.19204799008140375
cumulative-state-load,deepseek-v4-pro-0813-high,all-arms,dynamic,Omega_hat_StateLoad,94,368404.82659649366,0.10383378260669261,0.053124623501416404,0.19307654226435811
cumulative-state-load,deepseek-v4-pro-0813-high,all-arms,dynamic,Omega_hat_StateLoad,95,382368.1367235388,0.10517830524002979,0.054244564519590956,0.19412073538801519
cumulative-state-load,deepseek-v4-pro-0813-high,all-arms,dynamic,Omega_hat_StateLoad,96,396860.68538284017,0.10653816809230861,0.05538277887295031,0.19518108625923097
cumulative-state-load,deepseek-v4-pro-0813-high,all-arms,dynamic,Omega_hat_StateLoad,97,411902.53181690379,0.10791349244438239,0.056539284330264991,0.19625813192780617
cumulative-state-load,deepseek-v4-pro-0813-high,all-arms,dynamic,Omega_hat_StateLoad,98,427514.49555529968,0.109304399122947,0.057714081028686817,0.19735243037126984
cumulative-state-load,deepseek-v4-pro-0813-high,all-arms,dynamic,Omega_hat_StateLoad,99,443718.18523112527,0.11071100845529303,0.05890715049911905,0.19846456118011446
cumulative-state-load,deepseek-v4-pro-0813-high,all-arms,dynamic,Omega_hat_StateLoad,100,460536.02848967182,0.11213344022310252,0.060118454677734329,0.19959512623982956
cumulative-state-load,deepseek-v4-pro-0813-high,all-arms,dynamic,Omega_hat_StateLoad,101,477991.30303069268,0.11357181361528937,0.061347934907350458,0.20074475040558731
cumulative-state-load,deepseek-v4-pro-0813-high,all-arms,dynamic,Omega_hat_StateLoad,102,496108.16882723727,0.11502624717988466,0.062595510932940801,0.20191408216487244
cumulative-state-load,deepseek-v4-pro-0813-high,all-arms,dynamic,Omega_hat_StateLoad,103,514911.70156564662,0.11649685877496732,0.063861079896149767,0.20310379428276518
cumulative-state-load,deepseek-v4-pro-0813-high,all-arms,dynamic,Omega_hat_StateLoad,104,534427.92735299375,0.11798376551864292,0.065144515334334796,0.20431458442394562
cumulative-state-load,deepseek-v4-pro-0813-high,all-arms,dynamic,Omega_hat_StateLoad,105,554683.8587400089,0.11948708373807321,0.066445666190316541,0.20554717574486051
cumulative-state-load,deepseek-v4-pro-0813-high,all-arms,dynamic,Omega_hat_StateLoad,106,575707.53210934834,0.12100692891756043,0.067764355839743787,0.20680231744876565
cumulative-state-load,deepseek-v4-pro-0813-high,all-arms,dynamic,Omega_hat_StateLoad,107,597528.0464809566,0.1225434156456911,0.06910038114371056,0.20808078529565671
cumulative-state-load,deepseek-v4-pro-0813-high,all-arms,dynamic,Omega_hat_StateLoad,108,620175.6037882322,0.12409665756154548,0.070453511535017499,0.20938338205837234
cumulative-state-load,deepseek-v4-pro-0813-high,all-arms,dynamic,Omega_hat_StateLoad,109,643681.55068074504,0.12566676729997847,0.071823488147239253,0.21071093791540649
cumulative-state-load,deepseek-v4-pro-0813-high,all-arms,dynamic,Omega_hat_StateLoad,110,668078.42191136233,0.12725385643598114,0.073210022996533258,0.21206431077021254
cumulative-state-load,deepseek-v4-pro-0813-high,all-arms,dynamic,Omega_hat_StateLoad,111,693399.98536783864,0.12885803542813004,0.074612798226863786,0.21344438648609365
cumulative-state-load,deepseek-v4-pro-0813-high,all-arms,dynamic,Omega_hat_StateLoad,112,719681.28881119541,0.13047941356113615,0.076031465430054374,0.21485207902504877
cumulative-state-load,deepseek-v4-pro-0813-high,all-arms,dynamic,Omega_hat_StateLoad,113,746958.70838558348,0.13211809888750253,0.077465645052737134,0.21628833047833917
cumulative-state-load,deepseek-v4-pro-0813-high,all-arms,dynamic,Omega_hat_StateLoad,114,775269.99896677001,0.13377419816830408,0.078914925902886804,0.21775411097594502
cumulative-state-load,deepseek-v4-pro-0813-high,all-arms,dynamic,Omega_hat_StateLoad,115,804654.34641893778,0.13544781681310231,0.080378864769112476,0.21925041846166105
cumulative-state-load,deepseek-v4-pro-0813-high,all-arms,dynamic,Omega_hat_StateLoad,116,835152.4218321261,0.13713905881900973,0.081856986166276346,0.22077827832021177
cumulative-state-load,deepseek-v4-pro-0813-high,all-arms,dynamic,Omega_hat_StateLoad,117,866806.43781538401,0.13884802670891921,0.083348782221241174,0.22233874284258284
cumulative-state-load,deepseek-v4-pro-0813-high,all-arms,dynamic,Omega_hat_StateLoad,118,899660.20692355093,0.14057482146891609,0.084853712712579923,0.22393289051580628
cumulative-state-load,deepseek-v4-pro-0813-high,all-arms,dynamic,Omega_hat_StateLoad,119,933759.20229853364,0.14231954248489032,0.086371205277940899,0.22556182512360431
cumulative-state-load,deepseek-v4-pro-0813-high,all-arms,dynamic,Omega_hat_StateLoad,120,969150.62060901453,0.14408228747836854,0.08790065580232502,0.22722667464482088
cumulative-state-load,deepseek-v4-pro-0813-high,all-arms,dynamic,Omega_hat_StateLoad,121,1005883.4473757058,0.14586315244158796,0.089441428999878239,0.2289285899372549
cumulative-state-load,deepseek-v4-pro-0813-high,all-arms,dynamic,Omega_hat_StateLoad,122,1044008.5247725662,0.14766223157183234,0.090992859200773241,0.23066874319563882
cumulative-state-load,deepseek-v4-pro-0813-high,all-arms,dynamic,Omega_hat_StateLoad,123,1083578.6219978232,0.14947961720505518,0.092554251353470118,0.23244832617382966
cumulative-state-load,deepseek-v4-pro-0813-high,all-arms,dynamic,Omega_hat_StateLoad,124,1124648.5083122167,0.15131539974881503,0.094124882250960926,0.23426854816305034
cumulative-state-load,deepseek-v4-pro-0813-high,all-arms,dynamic,Omega_hat_StateLoad,125,1167275.0288455165,0.15316966761454789,0.095704001987577919,0.23613063372011911
cumulative-state-load,deepseek-v4-pro-0813-high,all-arms,dynamic,Omega_hat_StateLoad,126,1211517.1832762929,0.15504250714920675,0.097290835650554061,0.23803582014207914
cumulative-state-load,deepseek-v4-pro-0813-high,all-arms,dynamic,Omega_hat_StateLoad,127,1257436.2074938004,0.15693400256629589,0.098884585247794268,0.23998535468643126
cumulative-state-load,deepseek-v4-pro-0813-high,all-arms,dynamic,Omega_hat_StateLoad,128,1305095.6583550193,0.15884423587633131,0.10048443187021017,0.24198049153939499
cumulative-state-load,deepseek-v4-pro-0813-high,all-arms,dynamic,Omega_hat_StateLoad,129,1354561.5016541653,0.16077328681675959,0.10208953808361322,0.24402248853804406
cumulative-state-load,deepseek-v4-pro-0813-high,all-arms,dynamic,Omega_hat_StateLoad,130,1405902.2034264288,0.16272123278136894,0.10369905054152675,0.24611260365588944
cumulative-state-load,deepseek-v4-pro-0813-high,all-arms,dynamic,Omega_hat_StateLoad,131,1459188.8247123135,0.16468814874922713,0.10531210280644272,0.24825209126542525
cumulative-state-load,deepseek-v4-pro-0813-high,all-arms,dynamic,Omega_hat_StateLoad,132,1514495.1199137412,0.16667410721318487,0.10692781836314193,0.25044219819513802
cumulative-state-load,deepseek-v4-pro-0813-high,all-arms,dynamic,Omega_hat_StateLoad,133,1571897.6388780605,0.1686791781079803,0.10854531380373111,0.25268415960255153
cumulative-state-load,deepseek-v4-pro-0813-high,all-arms,dynamic,Omega_hat_StateLoad,134,1631475.8328512479,0.17070342873798683,0.11016370216021061,0.25497919468880531
cumulative-state-load,deepseek-v4-pro-0813-high,all-arms,dynamic,Omega_hat_StateLoad,135,1693312.164446959,0.17274692370464464,0.11178209635669943,0.25732850228407206
cumulative-state-load,deepseek-v4-pro-0813-high,all-arms,dynamic,Omega_hat_StateLoad,136,1757492.2217836345,0.17480972483361878,0.11339961275011708,0.25973325633652805
cumulative-state-load,deepseek-v4-pro-0813-high,all-arms,dynamic,Omega_hat_StateLoad,137,1824104.8369476402,0.17689189110172909,0.11501537472520207,0.2621946013406139
cumulative-state-load,deepseek-v4-pro-0813-high,all-arms,dynamic,Omega_hat_StateLoad,138,1893242.2089464071,0.17899347856369702,0.11662851630736423,0.26471364774281864
cumulative-state-load,deepseek-v4-pro-0813-high,all-arms,dynamic,Omega_hat_StateLoad,139,1965000.0313217512,0.18111454027875801,0.11823818575514769,0.26729146736503306
cumulative-state-load,deepseek-v4-pro-0813-high,all-arms,dynamic,Omega_hat_StateLoad,140,2039477.6246000042,0.18325512623718734,0.11984354909309762,0.26992908888659228
cumulative-state-load,deepseek-v4-pro-0813-high,all-arms,dynamic,Omega_hat_StateLoad,141,2116778.0737622799,0.18541528328679185,0.12144379354560195,0.27262749342647807
cumulative-state-load,deepseek-v4-pro-0813-high,all-arms,dynamic,Omega_hat_StateLoad,142,2197008.3709251489,0.18759505505941768,0.12303813083294958,0.27538761026653974
cumulative-state-load,deepseek-v4-pro-0813-high,all-arms,dynamic,Omega_hat_StateLoad,143,2280279.5634292103,0.18979448189752923,0.12462580029231186,0.27821031275526181
cumulative-state-load,deepseek-v4-pro-0813-high,all-arms,dynamic,Omega_hat_StateLoad,144,2366706.9075405272,0.19201360078091381,0.12620607178871898,0.28109641442929351
cumulative-state-load,deepseek-v4-pro-0813-high,all-arms,dynamic,Omega_hat_StateLoad,145,2456410.0279776654,0.19425244525356883,0.12777824838417065,0.28404666538701956
cumulative-state-load,deepseek-v4-pro-0813-high,all-arms,dynamic,Omega_hat_StateLoad,146,2549513.0834851423,0.19651104535082925,0.12934166873688649,0.28706174894463565
cumulative-state-load,deepseek-v4-pro-0813-high,all-arms,dynamic,Omega_hat_StateLoad,147,2646144.9386824514,0.19878942752679524,0.13089570920711779,0.29014227860086517
cumulative-state-load,deepseek-v4-pro-0813-high,all-arms,dynamic,Omega_hat_StateLoad,148,2746439.342426524,0.20108761458212041,0.13243978565083214,0.29328879533165886
cumulative-state-load,deepseek-v4-pro-0813-high,all-arms,dynamic,Omega_hat_StateLoad,149,2850535.1129345004,0.20340562559222314,0.13397335488786688,0.29650176523097016
cumulative-state-load,deepseek-v4-pro-0813-high,all-arms,dynamic,Omega_hat_StateLoad,150,2958576.3299230374,0.20574347583598368,0.13549591583654341,0.29978157750839335
cumulative-state-load,deepseek-v4-pro-0813-high,all-arms,dynamic,Omega_hat_StateLoad,151,3070712.5340300971,0.20810117672499343,0.13700701031223103,0.30312854284898944
cumulative-state-load,deepseek-v4-pro-0813-high,all-arms,dynamic,Omega_hat_StateLoad,152,3187098.93379523,0.21047873573342041,0.13850622349263841,0.3065428921354027
cumulative-state-load,deepseek-v4-pro-0813-high,all-arms,dynamic,Omega_hat_StateLoad,153,3307896.6204848788,0.21287615632855936,0.13999318405773348,0.31002477552726437
cumulative-state-load,deepseek-v4-pro-0813-high,all-arms,dynamic,Omega_hat_StateLoad,154,3433272.7910599322,0.21529343790213359,0.14146756401682559,0.31357426188828874
cumulative-state-load,deepseek-v4-pro-0813-high,all-arms,dynamic,Omega_hat_StateLoad,155,3563400.9795942889,0.21773057570241949,0.14292907823953982,0.31719133854729176
cumulative-state-load,deepseek-v4-pro-0813-high,all-arms,dynamic,Omega_hat_StateLoad,156,3698461.2974646334,0.22018756076726256,0.14437748371099468,0.32087591137578286
cumulative-state-load,deepseek-v4-pro-0813-high,all-arms,dynamic,Omega_hat_StateLoad,157,3838640.6826439044,0.22266437985805673,0.14581257853446006,0.32462780516180523
cumulative-state-load,deepseek-v4-pro-0813-high,all-arms,dynamic,Omega_hat_StateLoad,158,3984133.1584435119,0.22516101539475961,0.1472342007070184,0.32844676425746278
cumulative-state-load,deepseek-v4-pro-0813-high,all-arms,dynamic,Omega_hat_StateLoad,159,4135140.1020624209,0.22767744539201568,0.14864222669537971,0.33233245347589102
cumulative-state-load,deepseek-v4-pro-0813-high,all-arms,dynamic,Omega_hat_StateLoad,160,4291870.523314801,0.23021364339646144,0.15003656983991651,0.33628445921248451
cumulative-state-load,deepseek-v4-pro-0813-high,all-arms,dynamic,Omega_hat_StateLoad,161,4454541.3539220421,0.23276957842528856,0.15141717861528159,0.34030229076485574
cumulative-state-load,deepseek-v4-pro-0813-high,all-arms,dynamic,Omega_hat_StateLoad,162,4623377.747769529,0.23534521490613644,0.15278403477571231,0.34438538182616951
cumulative-state-load,deepseek-v4-pro-0813-high,all-arms,dynamic,Omega_hat_StateLoad,163,4798613.3925437871,0.23794051261839352,0.15413715141233161,0.34853309212723038
cumulative-state-load,deepseek-v4-pro-0813-high,all-arms,dynamic,Omega_hat_StateLoad,164,4980490.8331813114,0.24055542663598048,0.15547657094853995,0.35274470920380735
cumulative-state-load,deepseek-v4-pro-0813-high,all-arms,dynamic,Omega_hat_StateLoad,165,5169261.8075767858,0.24318990727169271,0.15680236309799531,0.35701945026718779
cumulative-state-load,deepseek-v4-pro-0813-high,all-arms,dynamic,Omega_hat_StateLoad,166,5365187.595015347,0.24584390002317882,0.15811462280783606,0.3613564641576486
cumulative-state-load,deepseek-v4-pro-0813-high,all-arms,dynamic,Omega_hat_StateLoad,167,5568539.3778111478,0.24851734552063065,0.15941346820772498,0.36575483336248926
cumulative-state-load,deepseek-v4-pro-0813-high,all-arms,dynamic,Omega_hat_StateLoad,168,5779598.6166527811,0.25121017947626273,0.16069903858309456,0.3702135760823122
cumulative-state-load,deepseek-v4-pro-0813-high,all-arms,dynamic,Omega_hat_StateLoad,169,5998657.4401750788,0.25392233263565667,0.16197149238871367,0.37473164833133776
cumulative-state-load,deepseek-v4-pro-0813-high,all-arms,dynamic,Omega_hat_StateLoad,170,6226019.0492964843,0.25665373073104708,0.16323100531645282,0.37930794605958279
cumulative-state-load,deepseek-v4-pro-0813-high,all-arms,dynamic,Omega_hat_StateLoad,171,6461998.1368816653,0.25940429443662688,0.16447776842886927,0.38394130728683451
cumulative-state-load,deepseek-v4-pro-0813-high,all-arms,dynamic,Omega_hat_StateLoad,172,6706921.3233102048,0.26217393932594479,0.16571198636813839,0.38863051424019801
cumulative-state-load,deepseek-v4-pro-0813-high,all-arms,dynamic,Omega_hat_StateLoad,173,6961127.6085542524,0.2649625758314722,0.16693387564781692,0.39337429548885838
cumulative-state-load,deepseek-v4-pro-0813-high,all-arms,dynamic,Omega_hat_StateLoad,174,7224968.8413908696,0.26777010920641453,0.16814366303309153,0.39817132807126548
cumulative-state-load,deepseek-v4-pro-0813-high,all-arms,dynamic,Omega_hat_StateLoad,175,7498810.2063984871,0.27059643948883894,0.1693415840134197,0.4030202396114918
cumulative-state-load,deepseek-v4-pro-0813-high,all-arms,dynamic,Omega_hat_StateLoad,176,7783030.7294115536,0.27344146146819381,0.17052788136996624,0.40791961042274411
cumulative-state-load,deepseek-v4-pro-0813-high,all-arms,dynamic,Omega_hat_StateLoad,177,8078023.8021329576,0.27630506465429028,0.17170280383888195,0.41286797559710936
cumulative-state-load,deepseek-v4-pro-0813-high,all-arms,dynamic,Omega_hat_StateLoad,178,8384197.7266303636,0.27918713324881794,0.1728666048702534,0.41786382708159037
cumulative-state-load,deepseek-v4-pro-0813-high,all-arms,dynamic,Omega_hat_StateLoad,179,8701976.2804700844,0.28208754611946357,0.17401954148158252,0.4229056157411496
cumulative-state-load,deepseek-v4-pro-0813-high,all-arms,dynamic,Omega_hat_StateLoad,180,9031799.303270705,0.28500617677670298,0.17516187320377746,0.42799175341010953
cumulative-state-load,deepseek-v4-pro-0813-high,all-arms,dynamic,Omega_hat_StateLoad,181,9374123.3054883219,0.28794289335333101,0.17629386111693041,0.43312061493366527
cumulative-state-load,deepseek-v4-pro-0813-high,all-arms,dynamic,Omega_hat_StateLoad,182,9729422.1002759933,0.29089755858679583,0.17741576697261663,0.43829054020152625
cumulative-state-load,deepseek-v4-pro-0813-high,all-arms,dynamic,Omega_hat_StateLoad,183,10098187.459291985,0.29387002980440202,0.17852785239899471,0.44349983617587757
cumulative-state-load,deepseek-v4-pro-0813-high,all-arms,dynamic,Omega_hat_StateLoad,184,10480929.793364527,0.29686015891144307,0.17963037818468414,0.44874677891585746
cumulative-state-load,deepseek-v4-pro-0813-high,all-arms,dynamic,Omega_hat_StateLoad,185,10878178.85895516,0.29986779238232331,0.18072360363715587,0.45402961560071942
cumulative-state-load,deepseek-v4-pro-0813-high,all-arms,dynamic,Omega_hat_StateLoad,186,11290484.491398528,0.30289277125472802,0.1818077860112447,0.45934656655369088
cumulative-state-load,deepseek-v4-pro-0813-high,all-arms,dynamic,Omega_hat_StateLoad,187,11718417.365933487,0.30593493112689574,0.18288318000334941,0.46469582726828984
cumulative-state-load,deepseek-v4-pro-0813-high,all-arms,dynamic,Omega_hat_StateLoad,188,12162569.787578871,0.3089941021580469,0.18395003730685225,0.47007557043866088
cumulative-state-load,deepseek-v4-pro-0813-high,all-arms,dynamic,Omega_hat_StateLoad,189,12623556.510947196,0.31207010907201826,0.18500860622437998,0.47548394799510835
cumulative-state-load,deepseek-v4-pro-0813-high,all-arms,dynamic,Omega_hat_StateLoad,190,13102015.591131009,0.31516277116415398,0.18605913133261187,0.48091909314569281
cumulative-state-load,deepseek-v4-pro-0813-high,all-arms,dynamic,Omega_hat_StateLoad,191,13598609.26683961,0.31827190231149421,0.18710185319547393,0.48637912242436721
cumulative-state-load,deepseek-v4-pro-0813-high,all-arms,dynamic,Omega_hat_StateLoad,192,14114024.877008488,0.32139731098630742,0.18813700812171683,0.49186213774575815
cumulative-state-load,deepseek-v4-pro-0813-high,all-arms,dynamic,Omega_hat_StateLoad,193,14648975.812150158,0.32453880027300419,0.18916482796305092,0.4973662284663049
cumulative-state-load,deepseek-v4-pro-0813-high,all-arms,dynamic,Omega_hat_StateLoad,194,15204202.501763195,0.32769616788846889,0.19018553994922374,0.50288947345104718
cumulative-state-load,deepseek-v4-pro-0813-high,all-arms,dynamic,Omega_hat_StateLoad,195,15780473.439166095,0.33086920620584315,0.19119936655659195,0.50842994314502754
cumulative-state-load,deepseek-v4-pro-0813-high,all-arms,dynamic,Omega_hat_StateLoad,196,16378586.245174518,0.3340577022817901,0.19220652540697672,0.51398570164785673
cumulative-state-load,deepseek-v4-pro-0813-high,all-arms,dynamic,Omega_hat_StateLoad,197,16999368.77209406,0.33726143788726642,0.19320722919378513,0.51955480878965898
cumulative-state-load,deepseek-v4-pro-0813-high,all-arms,dynamic,Omega_hat_StateLoad,198,17643680.249556702,0.3404801895418253,0.19420168563258924,0.52513532220628067
cumulative-state-load,deepseek-v4-pro-0813-high,all-arms,dynamic,Omega_hat_StateLoad,199,18312412.473786812,0.34371372855146792,0.19519009743354634,0.53072529941135171
cumulative-state-load,deepseek-v4-pro-0813-high,all-arms,dynamic,Omega_hat_StateLoad,200,19006491.041942816,0.34696182105006318,0.19617266229325755,0.53632279986249398
cumulative-state-load,deepseek-v4-pro-0813-high,all-arms,dynamic,Omega_hat_StateLoad,201,19726876.633242991,0.35022422804434239,0.19714957290383964,0.54192588701872202
cumulative-state-load,deepseek-v4-pro-0813-high,all-arms,dynamic,Omega_hat_StateLoad,202,20474566.338648584,0.35350070546248064,0.19812101697715903,0.54753263038588751
cumulative-state-load,deepseek-v4-pro-0813-high,all-arms,dynamic,Omega_hat_StateLoad,203,21250595.040944718,0.35679100420626708,0.19908717728236053,0.55314110754680734
cumulative-state-load,deepseek-v4-pro-0813-high,all-arms,dynamic,Omega_hat_StateLoad,204,22056036.847129192,0.36009487020686587,0.20004823169498626,0.55874940617255531
cumulative-state-load,deepseek-v4-pro-0813-high,all-arms,dynamic,Omega_hat_StateLoad,205,22892006.575091846,0.36341204448416142,0.20100435325611637,0.56435562601130895
cumulative-state-load,deepseek-v4-pro-0813-high,all-arms,dynamic,Omega_hat_StateLoad,206,23759661.29664214,0.36674226320968173,0.20195571024012338,0.5699578808510134
cumulative-state-load,deepseek-v4-pro-0813-high,all-arms,dynamic,Omega_hat_StateLoad,207,24660201.93902069,0.37008525777308732,0.20290246622975797,0.57555430045208833
cumulative-state-load,deepseek-v4-pro-0813-high,all-arms,dynamic,Omega_hat_StateLoad,208,25594874.947111465,0.37344075485220701,0.20384478019740856,0.58114303244636278
cumulative-state-load,deepseek-v4-pro-0813-high,all-arms,dynamic,Omega_hat_StateLoad,209,26564974.008655239,0.37680847648660398,0.20478280659149189,0.58672224419844032
cumulative-state-load,deepseek-v4-pro-0813-high,all-arms,dynamic,Omega_hat_StateLoad,210,27571841.84485225,0.38018814015464208,0.2057166954270313,0.59229012462571495
cumulative-state-load,deepseek-v4-pro-0813-high,all-arms,dynamic,Omega_hat_StateLoad,211,28616872.068832427,0.38357945885402689,0.20664659237959823,0.59784488597330843
cumulative-state-load,deepseek-v4-pro-0813-high,all-arms,dynamic,Omega_hat_StateLoad,212,29701511.11456551,0.38698214118578578,0.20757263888184896,0.60338476554031795
cumulative-state-load,deepseek-v4-pro-0813-high,all-arms,dynamic,Omega_hat_StateLoad,213,30827260.238880873,0.39039589144164893,0.20849497222200111,0.60890802735383409
cumulative-state-load,deepseek-v4-pro-0813-high,all-arms,dynamic,Omega_hat_StateLoad,214,31995677.599368077,0.39382040969479032,0.20941372564365579,0.61441296378734123
cumulative-state-load,deepseek-v4-pro-0813-high,all-arms,dynamic,Omega_hat_StateLoad,215,33208380.411034171,0.39725539189388015,0.21032902844643456,0.6198978971202721
cumulative-state-load,deepseek-v4-pro-0813-high,all-arms,dynamic,Omega_hat_StateLoad,216,34467047.184702799,0.40070052996039851,0.21124100608697546,0.62536118103564464
cumulative-state-load,deepseek-v4-pro-0813-high,all-arms,dynamic,Omega_hat_StateLoad,217,35773420.050253317,0.40415551188915588,0.21214978027987999,0.63080120205291368
cumulative-state-load,deepseek-v4-pro-0813-high,all-arms,dynamic,Omega_hat_StateLoad,218,37129307.167915463,0.40762002185195789,0.21305546909825454,0.63621638089337362
cumulative-state-load,deepseek-v4-pro-0813-high,all-arms,dynamic,Omega_hat_StateLoad,219,38536585.23095715,0.41109374030435519,0.21395818707354441,0.64160517377566062
cumulative-state-load,deepseek-v4-pro-0813-high,all-arms,dynamic,Omega_hat_StateLoad,220,39997202.06322936,0.41457634409540584,0.21485804529438207,0.64696607363915615
cumulative-state-load,deepseek-v4-pro-0813-high,all-arms,dynamic,Omega_hat_StateLoad,221,41513179.315163322,0.41806750658038083,0.21575515150423724,0.65229761129330055
cumulative-state-load,deepseek-v4-pro-0813-high,all-arms,dynamic,Omega_hat_StateLoad,222,43086615.261951588,0.42156689773633615,0.21664961019765461,0.65759835649112197
cumulative-state-load,deepseek-v4-pro-0813-high,all-arms,dynamic,Omega_hat_StateLoad,223,44719687.707786456,0.42507418428047161,0.2175415227149298,0.66286691892549809
cumulative-state-load,deepseek-v4-pro-0813-high,all-arms,dynamic,Omega_hat_StateLoad,224,46414657.000174038,0.42858902979119096,0.21843098733507682,0.66810194914695309
cumulative-state-load,deepseek-v4-pro-0813-high,all-arms,dynamic,Omega_hat_StateLoad,225,48173869.158498205,0.43211109483177779,0.21931809936697849,0.67330213940204875
cumulative-state-load,deepseek-v4-pro-0813-high,all-arms,dynamic,Omega_hat_StateLoad,226,49999759.121163003,0.43564003707659482,0.22020295123861869,0.67846622439170023
cumulative-state-load,deepseek-v4-pro-0813-high,all-arms,dynamic,Omega_hat_StateLoad,227,51894854.115808763,0.43917551143971117,0.22108563258434102,0.68359298194897877
cumulative-state-load,deepseek-v4-pro-0813-high,all-arms,dynamic,Omega_hat_StateLoad,228,53861777.157266274,0.44271717020585966,0.22196623033005414,0.68868123363627154
cumulative-state-load,deepseek-v4-pro-0813-high,all-arms,dynamic,Omega_hat_StateLoad,229,55903250.678090826,0.44626466316362334,0.22284482877636361,0.69372984526188186
cumulative-state-load,deepseek-v4-pro-0813-high,all-arms,dynamic,Omega_hat_StateLoad,230,58022100.296701007,0.44981763774074435,0.22372150967958765,0.6987377273164227
cumulative-state-load,deepseek-v4-pro-0813-high,all-arms,dynamic,Omega_hat_StateLoad,231,60221258.72833775,0.45337573914144819,0.22459635233065622,0.7037038353295878
cumulative-state-load,deepseek-v4-pro-0813-high,all-arms,dynamic,Omega_hat_StateLoad,232,62503769.844257012,0.45693861048567302,0.22546943363186611,0.70862717014814558
cumulative-state-load,deepseek-v4-pro-0813-high,all-arms,dynamic,Omega_hat_StateLoad,233,64872792.884774141,0.46050589295008881,0.22634082817151371,0.71350677813618879
cumulative-state-load,deepseek-v4-pro-0813-high,all-arms,dynamic,Omega_hat_StateLoad,234,67331606.831991553,0.46407722591079115,0.22721060829641035,0.71834175129891342
cumulative-state-load,deepseek-v4-pro-0813-high,all-arms,dynamic,Omega_hat_StateLoad,235,69883614.948261753,0.4676522470875506,0.22807884418229063,0.72313122733140545
cumulative-state-load,deepseek-v4-pro-0813-high,all-arms,dynamic,Omega_hat_StateLoad,236,72532349.486667693,0.47123059268949552,0.22894560390214402,0.72787438959409401
cumulative-state-load,deepseek-v4-pro-0813-high,all-arms,dynamic,Omega_hat_StateLoad,237,75281476.580040038,0.47481189756210757,0.22981095349249858,0.73257046701671447
cumulative-state-load,deepseek-v4-pro-0813-high,all-arms,dynamic,Omega_hat_StateLoad,238,78134801.315278426,0.47839579533540028,0.23067495701768209,0.73721873393279824
cumulative-state-load,deepseek-v4-pro-0813-high,all-arms,dynamic,Omega_hat_StateLoad,239,81096273.00000003,0.48198191857315986,0.2315376766320989,0.74181850984685993
cumulative-state-load,deepseek-v4-pro-0813-off,all-arms,dynamic,Omega_hat_StateLoad,0,11158.999999999996,0.69788523379050815,0.41481890015068046,0.88273355333329317
cumulative-state-load,deepseek-v4-pro-0813-off,all-arms,dynamic,Omega_hat_StateLoad,1,11581.949338495931,0.70123709374576038,0.42117253213802308,0.88333040844510446
cumulative-state-load,deepseek-v4-pro-0813-off,all-arms,dynamic,Omega_hat_StateLoad,2,12020.92933770825,0.70456750847344685,0.42754187624991519,0.88392902753494629
cumulative-state-load,deepseek-v4-pro-0813-off,all-arms,dynamic,Omega_hat_StateLoad,3,12476.547593061785,0.70787626368554191,0.43392451405971755,0.88452947492847522
cumulative-state-load,deepseek-v4-pro-0813-off,all-arms,dynamic,Omega_hat_StateLoad,4,12949.434729113271,0.71116315334467106,0.44031800345216582,0.88513181634520455
cumulative-state-load,deepseek-v4-pro-0813-off,all-arms,dynamic,Omega_hat_StateLoad,5,13440.245272403417,0.71442797965154892,0.44671988207205809,0.88573611891189163
cumulative-state-load,deepseek-v4-pro-0813-off,all-arms,dynamic,Omega_hat_StateLoad,6,13949.658557391869,0.71767055302677507,0.45312767083168298,0.88634245117397059
cumulative-state-load,deepseek-v4-pro-0813-off,all-arms,dynamic,Omega_hat_StateLoad,7,14478.379666729001,0.72089069208711665,0.45953887746631578,0.8869508831047771
cumulative-state-load,deepseek-v4-pro-0813-off,all-arms,dynamic,Omega_hat_StateLoad,8,15027.14040716596,0.72408822361640246,0.46595100012686974,0.88756148611229246
cumulative-state-load,deepseek-v4-pro-0813-off,all-arms,dynamic,Omega_hat_StateLoad,9,15596.700322453744,0.72726298253116151,0.47236153099865386,0.88817433304310789
cumulative-state-load,deepseek-v4-pro-0813-off,all-arms,dynamic,Omega_hat_StateLoad,10,16187.847744633253,0.73041481184113943,0.47876795993507315,0.88878949818328834
cumulative-state-load,deepseek-v4-pro-0813-off,all-arms,dynamic,Omega_hat_StateLoad,11,16801.400885171432,0.73354356260483455,0.48516777809509459,0.88940705725578417
cumulative-state-load,deepseek-v4-pro-0813-off,all-arms,dynamic,Omega_hat_StateLoad,12,17438.208967453742,0.73664909388019573,0.49155848157331977,0.89002708741402503
cumulative-state-load,deepseek-v4-pro-0813-off,all-arms,dynamic,Omega_hat_StateLoad,13,18099.15340220042,0.73973127267062544,0.4979375750116154,0.89064966723127781
cumulative-state-load,deepseek-v4-pro-0813-off,all-arms,dynamic,Omega_hat_StateLoad,14,18785.149007433603,0.7427899738664413,0.50430257518140953,0.89127487668534944
cumulative-state-load,deepseek-v4-pro-0813-off,all-arms,dynamic,Omega_hat_StateLoad,15,19497.145274683502,0.74582508018194082,0.5106510145259775,0.89190279713815701
cumulative-state-load,deepseek-v4-pro-0813-off,all-arms,dynamic,Omega_hat_StateLoad,16,20236.127683186642,0.74883648208822695,0.51698044465233839,0.89253351130967384
cumulative-state-load,deepseek-v4-pro-0813-off,all-arms,dynamic,Omega_hat_StateLoad,17,21003.119063894865,0.75182407774194837,0.52328843976271699,0.89316710324571591
cumulative-state-load,deepseek-v4-pro-0813-off,all-arms,dynamic,Omega_hat_StateLoad,18,21799.181015183127,0.75478777291010724,0.52957260001592577,0.89380365827900132
cumulative-state-load,deepseek-v4-pro-0813-off,all-arms,dynamic,Omega_hat_StateLoad,19,22625.415372215553,0.75772748089109698,0.53583055480947417,0.89444326298287791
cumulative-state-load,deepseek-v4-pro-0813-off,all-arms,dynamic,Omega_hat_StateLoad,20,23482.965732003555,0.76064312243212284,0.54205996597370665,0.89508600511708136
cumulative-state-load,deepseek-v4-pro-0813-off,all-arms,dynamic,Omega_hat_StateLoad,21,24373.019036266804,0.76353462564316954,0.54825853086982768,0.89573197356484158
cumulative-state-load,deepseek-v4-pro-0813-off,all-arms,dynamic,Omega_hat_StateLoad,22,25296.807214287943,0.76640192590766887,0.55442398538424331,0.89638125826062554
cumulative-state-load,deepseek-v4-pro-0813-off,all-arms,dynamic,Omega_hat_StateLoad,23,26255.608888034898,0.76924496579003321,0.56055410681227991,0.89703395010775999
cumulative-state-load,deepseek-v4-pro-0813-off,all-arms,dynamic,Omega_hat_StateLoad,24,27250.751141910903,0.77206369494020799,0.56664671662498722,0.89769014088515264
cumulative-state-load,deepseek-v4-pro-0813-off,all-arms,dynamic,Omega_hat_StateLoad,25,28283.611359581715,0.77485806999540408,0.57269968311341557,0.89834992314227891
cumulative-state-load,deepseek-v4-pro-0813-off,all-arms,dynamic,Omega_hat_StateLoad,26,29355.619130422398,0.77762805447916961,0.57871092390545609,0.8990133900815841
cumulative-state-load,deepseek-v4-pro-0813-off,all-arms,dynamic,Omega_hat_StateLoad,27,30468.258228222447,0.78037361869795485,0.5846784083510379,0.89968063542740984
cumulative-state-load,deepseek-v4-pro-0813-off,all-arms,dynamic,Omega_hat_StateLoad,28,31623.06866488792,0.78309473963532683,0.59060015977220726,0.90035175328053252
cumulative-state-load,deepseek-v4-pro-0813-off,all-arms,dynamic,Omega_hat_StateLoad,29,32821.648821983166,0.78579140084399091,0.59647425757533312,0.90102683795737482
cumulative-state-load,deepseek-v4-pro-0813-off,all-arms,dynamic,Omega_hat_StateLoad,30,34065.657663062448,0.78846359233576668,0.60229883922341443,0.9017059838129361
cumulative-state-load,deepseek-v4-pro-0813-off,all-arms,dynamic,Omega_hat_StateLoad,31,35356.81702985349,0.79111131046967498,0.608072102067164,0.90238928504647786
cumulative-state-load,deepseek-v4-pro-0813-off,all-arms,dynamic,Omega_hat_StateLoad,32,36696.914025471226,0.79373455783828195,0.61379230503425664,0.90307683548899487
cumulative-state-load,deepseek-v4-pro-0813-off,all-arms,dynamic,Omega_hat_StateLoad,33,38087.803487960271,0.79633334315244586,0.61945777017680037,0.9037687283715129
cumulative-state-load,deepseek-v4-pro-0813-off,all-arms,dynamic,Omega_hat_StateLoad,34,39531.410557589756,0.79890768112461508,0.6250668840777549,0.9044650560732661
cumulative-state-load,deepseek-v4-pro-0813-off,all-arms,dynamic,Omega_hat_StateLoad,35,41029.733341454245,0.80145759235081915,0.6306180991176219,0.90516590984884515
cumulative-state-load,deepseek-v4-pro-0813-off,all-arms,dynamic,Omega_hat_StateLoad,36,42584.845679068065,0.80398310319148758,0.63610993460333942,0.90587137953344654
cumulative-state-load,deepseek-v4-pro-0813-off,all-arms,dynamic,Omega_hat_StateLoad,37,44198.90001278196,0.80648424565123999,0.64154097776184371,0.90658155322541112
cumulative-state-load,deepseek-v4-pro-0813-off,all-arms,dynamic,Omega_hat_StateLoad,38,45874.13036699417,0.80896105725777911,0.64690988460126608,0.90729651694533031
cumulative-state-load,deepseek-v4-pro-0813-off,all-arms,dynamic,Omega_hat_StateLoad,39,47612.855440279993,0.81141358094001648,0.6522153806431692,0.90801635427108263
cumulative-state-load,deepseek-v4-pro-0813-off,all-arms,dynamic,Omega_hat_StateLoad,40,49417.481814719373,0.81384186490556276,0.657456261529623,0.90874114594830102
cumulative-state-load,deepseek-v4-pro-0813-off,all-arms,dynamic,Omega_hat_StateLoad,41,51290.507286864762,0.81624596251770321,0.66263139350925093,0.909470969475903
cumulative-state-load,deepseek-v4-pro-0813-off,all-arms,dynamic,Omega_hat_StateLoad,42,53234.52432495961,0.81862593217198565,0.66773971380664987,0.91020589866649337
cumulative-state-load,deepseek-v4-pro-0813-off,all-arms,dynamic,Omega_hat_StateLoad,43,55252.223657192553,0.82098183717253559,0.67278023087977012,0.91094600318165508
cumulative-state-load,deepseek-v4-pro-0813-off,all-arms,dynamic,Omega_hat_StateLoad,44,57346.397995954001,0.82331374560821491,0.67775202457000394,0.91169134804235985
cumulative-state-load,deepseek-v4-pro-0813-off,all-arms,dynamic,Omega_hat_StateLoad,45,59519.945903249762,0.82562173022873753,0.68265424614976355,0.91244199311500296
cumulative-state-load,deepseek-v4-pro-0813-off,all-arms,dynamic,Omega_hat_StateLoad,46,61775.875802621864,0.82790586832084878,0.68748611827235651,0.91319799257384793
cumulative-state-load,deepseek-v4-pro-0813-off,all-arms,dynamic,Omega_hat_StateLoad,47,64117.310143129616,0.83016624158467434,0.69224693482885602,0.91395939434099838
cumulative-state-load,deepseek-v4-pro-0813-off,all-arms,dynamic,Omega_hat_StateLoad,48,66547.48972115411,0.83240293601034165,0.69693606071653225,0.91472623950536314
cumulative-state-load,deepseek-v4-pro-0813-off,all-arms,dynamic,Omega_hat_StateLoad,49,69069.77816600824,0.83461604175496795,0.70155293152319653,0.91549856172246524
cumulative-state-load,deepseek-v4-pro-0813-off,all-arms,dynamic,Omega_hat_StateLoad,50,71687.666595560542,0.83680565302011478,0.70609705313151305,0.9162763865973671
cumulative-state-load,deepseek-v4-pro-0813-off,all-arms,dynamic,Omega_hat_StateLoad,51,74404.778448317011,0.83897186792979406,0.71056800124699393,0.91705973105341554
cumulative-state-load,deepseek-v4-pro-0813-off,all-arms,dynamic,Omega_hat_StateLoad,52,77224.874498648787,0.8411147884091188,0.71496542085300008,0.91784860268997182
cumulative-state-load,deepseek-v4-pro-0813-off,all-arms,dynamic,Omega_hat_StateLoad,53,80151.858062107436,0.84323452006367794,0.71928902559559793,0.91864299913278047
cumulative-state-load,deepseek-v4-pro-0813-off,all-arms,dynamic,Omega_hat_StateLoad,54,83189.780398032555,0.84533117205971664,0.72353859710064661,0.91944290738110512
cumulative-state-load,deepseek-v4-pro-0813-off,all-arms,dynamic,Omega_hat_StateLoad,55,86342.846316929397,0.84740485700520052,0.72771398422494316,0.92024830315626616
cumulative-state-load,deepseek-v4-pro-0813-off,all-arms,dynamic,Omega_hat_StateLoad,56,89615.420000377868,0.84945569083183403,0.73181510224272639,0.92105915025668894
cumulative-state-load,deepseek-v4-pro-0813-off,all-arms,dynamic,Omega_hat_StateLoad,57,93012.031041528084,0.85148379267810526,0.73584193196824976,0.9218753999250533
cumulative-state-load,deepseek-v4-pro-0813-off,all-arms,dynamic,Omega_hat_StateLoad,58,96537.380714543382,0.85348928477342245,0.73979451881460012,0.92269699023357155
cumulative-state-load,deepseek-v4-pro-0813-off,all-arms,dynamic,Omega_hat_StateLoad,59,100196.34848166823,0.85547229232340405,0.74367297178838687,0.92352384549382949
cumulative-state-load,deepseek-v4-pro-0813-off,all-arms,dynamic,Omega_hat_StateLoad,60,103993.99874692765,0.85743294339638221,0.74747746241941337,0.92435587569797817
cumulative-state-load,deepseek-v4-pro-0813-off,all-arms,dynamic,Omega_hat_StateLoad,61,107935.58786580569,0.85937136881117826,0.7512082236239922,0.9251929759983536
cumulative-state-load,deepseek-v4-pro-0813-off,all-arms,dynamic,Omega_hat_StateLoad,62,112026.57142060563,0.86128770202619886,0.75486554850015541,0.92603502623280343
cumulative-state-load,deepseek-v4-pro-0813-off,all-arms,dynamic,Omega_hat_StateLoad,63,116272.61177156115,0.86318207902990562,0.75844978905270555,0.92688189050311987
cumulative-state-load,deepseek-v4-pro-0813-off,all-arms,dynamic,Omega_hat_StateLoad,64,120679.58589415067,0.86505463823270201,0.76196135484581329,0.92773341681398702
cumulative-state-load,deepseek-v4-pro-0813-off,all-arms,dynamic,Omega_hat_StateLoad,65,125253.59351346194,0.86690552036028401,0.7654007115807594,0.92858943677974315
cumulative-state-load,deepseek-v4-pro-0813-off,all-arms,dynamic,Omega_hat_StateLoad,66,130000.96554686614,0.86873486834849234,0.7687683795964203,0.92944976540602242
cumulative-state-load,deepseek-v4-pro-0813-off,all-arms,dynamic,Omega_hat_StateLoad,67,134928.27286668657,0.87054282723970344,0.77206493229021944,0.93031420095297235
cumulative-state-load,deepseek-v4-pro-0813-off,all-arms,dynamic,Omega_hat_StateLoad,68,140042.33539499232,0.87232954408079499,0.7752909944575338,0.93118252488623809
cumulative-state-load,deepseek-v4-pro-0813-off,all-arms,dynamic,Omega_hat_StateLoad,69,145350.23154310038,0.87409516782271646,0.77844724054794912,0.93205450192125028
cumulative-state-load,deepseek-v4-pro-0813-off,all-arms,dynamic,Omega_hat_StateLoad,70,150859.30800885765,0.87583984922169345,0.78153439283728965,0.93292988016556899
cumulative-state-load,deepseek-v4-pro-0813-off,all-arms,dynamic,Omega_hat_StateLoad,71,156577.18994525884,0.87756374074209331,0.7845532195150382,0.93380839136311444
cumulative-state-load,deepseek-v4-pro-0813-off,all-arms,dynamic,Omega_hat_StateLoad,72,162511.79151447647,0.8792669964609714,0.78750453268752807,0.93468975124307141
cumulative-state-load,deepseek-v4-pro-0813-off,all-arms,dynamic,Omega_hat_StateLoad,73,168671.32684191057,0.88094977197432389,0.79038918629822419,0.93557365997510245
cumulative-state-load,deepseek-v4-pro-0813-off,all-arms,dynamic,Omega_hat_StateLoad,74,175064.32138541964,0.88261222430506181,0.7932080739673979,0.93645980273126639
cumulative-state-load,deepseek-v4-pro-0813-off,all-arms,dynamic,Omega_hat_StateLoad,75,181699.62373546918,0.88425451181272374,0.79596212675456879,0.93734785035372148
cumulative-state-load,deepseek-v4-pro-0813-off,all-arms,dynamic,Omega_hat_StateLoad,76,188586.41786253048,0.88587679410493936,0.79865231084821942,0.93823746012595133
cumulative-state-load,deepseek-v4-pro-0813-off,all-arms,dynamic,Omega_hat_StateLoad,77,195734.23582868115,0.88747923195065781,0.801279625188417,0.93912827664387466
cumulative-state-load,deepseek-v4-pro-0813-off,all-arms,dynamic,Omega_hat_StateLoad,78,203152.97098100197,0.88906198719514673,0.80384509902912227,0.94001993278184814
cumulative-state-load,deepseek-v4-pro-0813-off,all-arms,dynamic,Omega_hat_StateLoad,79,210852.89164503088,0.89062522267677113,0.80634978944806224,0.94091205074726769
cumulative-state-load,deepseek-v4-pro-0813-off,all-arms,dynamic,Omega_hat_StateLoad,80,218844.65533722739,0.89216910214555611,0.80879477881306872,0.94180424321622902
cumulative-state-load,deepseek-v4-pro-0813-off,all-arms,dynamic,Omega_hat_StateLoad,81,227139.32351611898,0.89369379018353823,0.8111811722147263,0.94269611454158453
cumulative-state-load,deepseek-v4-pro-0813-off,all-arms,dynamic,Omega_hat_StateLoad,82,235748.37689254669,0.89519945212690233,0.81351009487599935,0.94358726202372134
cumulative-state-load,deepseek-v4-pro-0813-off,all-arms,dynamic,Omega_hat_StateLoad,83,244683.73132020084,0.89668625398990998,0.81578268955016453,0.94447727723353903
cumulative-state-load,deepseek-v4-pro-0813-off,all-arms,dynamic,Omega_hat_StateLoad,84,253957.75428844139,0.89815436239060908,0.81800011391890437,0.94536574737642243
cumulative-state-load,deepseek-v4-pro-0813-off,all-arms,dynamic,Omega_hat_StateLoad,85,263583.28204023,0.89960394447832892,0.82016353800273945,0.94625225668550961
cumulative-state-load,deepseek-v4-pro-0813-off,all-arms,dynamic,Omega_hat_StateLoad,86,273573.63733886811,0.90103516786294813,0.82227414159614132,0.94713638783225584
cumulative-state-load,deepseek-v4-pro-0813-off,all-arms,dynamic,Omega_hat_StateLoad,87,283942.64790813072,0.90244820054593267,0.82433311173960544,0.9480177233421957
cumulative-state-load,deepseek-v4-pro-0813-off,all-arms,dynamic,Omega_hat_StateLoad,88,294704.66557131987,0.9038432108531339,0.82634164024075918,0.94889584700389873
cumulative-state-load,deepseek-v4-pro-0813-off,all-arms,dynamic,Omega_hat_StateLoad,89,305874.58611572848,0.90522036736933642,0.82830092125615118,0.94977034525940396
cumulative-state-load,deepseek-v4-pro-0813-off,all-arms,dynamic,Omega_hat_StateLoad,90,317467.86991000798,0.9065798388745463,0.83021214894478967,0.95064080856489375
cumulative-state-load,deepseek-v4-pro-0813-off,all-arms,dynamic,Omega_hat_StateLoad,91,329500.56330297794,0.90792179428200448,0.83207651520376191,0.95150683271098679
cumulative-state-load,deepseek-v4-pro-0813-off,all-arms,dynamic,Omega_hat_StateLoad,92,341989.3208334943,0.90924640257791534,0.83389520749539014,0.95236802009282073
cumulative-state-load,deepseek-v4-pro-0813-off,all-arms,dynamic,Omega_hat_StateLoad,93,354951.42828211881,0.91055383276287161,0.83566940677438772,0.95322398092098948
cumulative-state-load,deepseek-v4-pro-0813-off,all-arms,dynamic,Omega_hat_StateLoad,94,368404.82659649366,0.91184425379496503,0.83740028552241041,0.95407433436539424
cumulative-state-load,deepseek-v4-pro-0813-off,all-arms,dynamic,Omega_hat_StateLoad,95,382368.1367235388,0.91311783453456041,0.8390890058962297,0.95491870962515635
cumulative-state-load,deepseek-v4-pro-0813-off,all-arms,dynamic,Omega_hat_StateLoad,96,396860.68538284017,0.91437474369072103,0.84073671799459293,0.9557567469188385
cumulative-state-load,deepseek-v4-pro-0813-off,all-arms,dynamic,Omega_hat_StateLoad,97,411902.53181690379,0.91561514976926339,0.84234455824761978,0.95658809839038417
cumulative-state-load,deepseek-v4-pro-0813-off,all-arms,dynamic,Omega_hat_StateLoad,98,427514.49555529968,0.91683922102242243,0.84391364793138202,0.95741242892732137
cumulative-state-load,deepseek-v4-pro-0813-off,all-arms,dynamic,Omega_hat_StateLoad,99,443718.18523112527,0.91804712540011013,0.84544509180916294,0.95822941688889862
cumulative-state-load,deepseek-v4-pro-0813-off,all-arms,dynamic,Omega_hat_StateLoad,100,460536.02848967182,0.9192390305027438,0.84693997689975398,0.95903875474290479
cumulative-state-load,deepseek-v4-pro-0813-off,all-arms,dynamic,Omega_hat_StateLoad,101,477991.30303069268,0.92041510353562306,0.8483993713720982,0.95984014961095176
cumulative-state-load,deepseek-v4-pro-0813-off,all-arms,dynamic,Omega_hat_StateLoad,102,496108.16882723727,0.92157551126483694,0.84982432356461435,0.96063332372293775
cumulative-state-load,deepseek-v4-pro-0813-off,all-arms,dynamic,Omega_hat_StateLoad,103,514911.70156564662,0.92272041997467547,0.85121586112662473,0.9614180147823006
cumulative-state-load,deepseek-v4-pro-0813-off,all-arms,dynamic,Omega_hat_StateLoad,104,534427.92735299375,0.92384999542652313,0.85257499027853767,0.96219397624442593
cumulative-state-load,deepseek-v4-pro-0813-off,all-arms,dynamic,Omega_hat_StateLoad,105,554683.8587400089,0.92496440281921433,0.85390269518671458,0.96296097751127463
cumulative-state-load,deepseek-v4-pro-0813-off,all-arms,dynamic,Omega_hat_StateLoad,106,575707.53210934834,0.92606380675082223,0.85519993744837075,0.96371880404587817
cumulative-state-load,deepseek-v4-pro-0813-off,all-arms,dynamic,Omega_hat_StateLoad,107,597528.0464809566,0.92714837118186222,0.85646765568136207,0.96446725741082528
cumulative-state-load,deepseek-v4-pro-0813-off,all-arms,dynamic,Omega_hat_StateLoad,108,620175.6037882322,0.92821825939988234,0.85770676521331435,0.96520615523527464
cumulative-state-load,deepseek-v4-pro-0813-off,all-arms,dynamic,Omega_hat_StateLoad,109,643681.55068074504,0.92927363398541607,0.85891815786425407,0.9659353311153096
cumulative-state-load,deepseek-v4-pro-0813-off,all-arms,dynamic,Omega_hat_StateLoad,110,668078.42191136233,0.93031465677927649,0.86010270181669757,0.96665463445267152
cumulative-state-load,deepseek-v4-pro-0813-off,all-arms,dynamic,Omega_hat_StateLoad,111,693399.98536783864,0.93134148885116252,0.86126124156702399,0.96736393023703782
cumulative-state-load,deepseek-v4-pro-0813-off,all-arms,dynamic,Omega_hat_StateLoad,112,719681.28881119541,0.93235429046955409,0.86239459795191331,0.9680630987770662
cumulative-state-load,deepseek-v4-pro-0813-off,all-arms,dynamic,Omega_hat_StateLoad,113,746958.70838558348,0.933353221072872,0.86350356824365726,0.96875203538541721
cumulative-state-load,deepseek-v4-pro-0813-off,all-arms,dynamic,Omega_hat_StateLoad,114,775269.99896677001,0.93433843924187576,0.86458892630822015,0.96943065002289852
cumulative-state-load,deepseek-v4-pro-0813-off,all-arms,dynamic,Omega_hat_StateLoad,115,804654.34641893778,0.93531010267327575,0.86565142282007512,0.97009886690675928
cumulative-state-load,deepseek-v4-pro-0813-off,all-arms,dynamic,Omega_hat_StateLoad,116,835152.4218321261,0.93626836815453096,0.86669178552800996,0.97075662408799623
cumulative-state-load,deepseek-v4-pro-0813-off,all-arms,dynamic,Omega_hat_StateLoad,117,866806.43781538401,0.9372133915398122,0.86771071956631074,0.97140387300234032
cumulative-state-load,deepseek-v4-pro-0813-off,all-arms,dynamic,Omega_hat_StateLoad,118,899660.20692355093,0.93814532772710157,0.86870890780598775,0.97204057799936783
cumulative-state-load,deepseek-v4-pro-0813-off,all-arms,dynamic,Omega_hat_StateLoad,119,933759.20229853364,0.93906433063640349,0.8696870112409566,0.97266671585393372
cumulative-state-load,deepseek-v4-pro-0813-off,all-arms,dynamic,Omega_hat_StateLoad,120,969150.62060901453,0.93997055318904454,0.87064566940439336,0.97328227526385647
cumulative-state-load,deepseek-v4-pro-0813-off,all-arms,dynamic,Omega_hat_StateLoad,121,1005883.4473757058,0.94086414728803325,0.87158550081075004,0.97388725633752793
cumulative-state-load,deepseek-v4-pro-0813-off,all-arms,dynamic,Omega_hat_StateLoad,122,1044008.5247725662,0.94174526379945978,0.87250710341924709,0.97448167007482334
cumulative-state-load,deepseek-v4-pro-0813-off,all-arms,dynamic,Omega_hat_StateLoad,123,1083578.6219978232,0.94261405253490582,0.87341105511493478,0.97506553784442462
cumulative-state-load,deepseek-v4-pro-0813-off,all-arms,dynamic,Omega_hat_StateLoad,124,1124648.5083122167,0.9434706622348431,0.87429791420373115,0.9756388908603878
cumulative-state-load,deepseek-v4-pro-0813-off,all-arms,dynamic,Omega_hat_StateLoad,125,1167275.0288455165,0.94431524055299609,0.87516821991813543,0.97620176966051209
cumulative-state-load,deepseek-v4-pro-0813-off,all-arms,dynamic,Omega_hat_StateLoad,126,1211517.1832762929,0.94514793404164332,0.87602249293059908,0.97675422358881159
cumulative-state-load,deepseek-v4-pro-0813-off,all-arms,dynamic,Omega_hat_StateLoad,127,1257436.2074938004,0.94596888813783386,0.87686123587181708,0.97729631028413411
cumulative-state-load,deepseek-v4-pro-0813-off,all-arms,dynamic,Omega_hat_StateLoad,128,1305095.6583550193,0.94677824715049641,0.87768493385146784,0.97782809517672886
cumulative-state-load,deepseek-v4-pro-0813-off,all-arms,dynamic,Omega_hat_StateLoad,129,1354561.5016541653,0.94757615424841479,0.87849405497917898,0.97834965099434201
cumulative-state-load,deepseek-v4-pro-0813-off,all-arms,dynamic,Omega_hat_StateLoad,130,1405902.2034264288,0.94836275144905102,0.87928905088373988,0.97886105727919814
cumulative-state-load,deepseek-v4-pro-0813-off,all-arms,dynamic,Omega_hat_StateLoad,131,1459188.8247123135,0.94913817960818558,0.880070357228802,0.97936239991702889
cumulative-state-load,deepseek-v4-pro-0813-off,all-arms,dynamic,Omega_hat_StateLoad,132,1514495.1199137412,0.94990257841036274,0.88083839422352184,0.97985377067912116
cumulative-state-load,deepseek-v4-pro-0813-off,all-arms,dynamic,Omega_hat_StateLoad,133,1571897.6388780605,0.95065608636010768,0.88159356712679626,0.98033526677818428
cumulative-state-load,deepseek-v4-pro-0813-off,all-arms,dynamic,Omega_hat_StateLoad,134,1631475.8328512479,0.95139884077390058,0.88233626674391807,0.98080699043868114
cumulative-state-load,deepseek-v4-pro-0813-off,all-arms,dynamic,Omega_hat_StateLoad,135,1693312.164446959,0.95213097777288302,0.88306686991464856,0.98126904848211816
cumulative-state-load,deepseek-v4-pro-0813-off,all-arms,dynamic,Omega_hat_StateLoad,136,1757492.2217836345,0.95285263227627515,0.88378573999186116,0.98172155192766208
cumulative-state-load,deepseek-v4-pro-0813-off,all-arms,dynamic,Omega_hat_StateLoad,137,1824104.8369476402,0.95356393799548456,0.88449322731004199,0.98216461560832991
cumulative-state-load,deepseek-v4-pro-0813-off,all-arms,dynamic,Omega_hat_StateLoad,138,1893242.2089464071,0.95426502742888153,0.88518966964306689,0.9825983578028944
cumulative-state-load,deepseek-v4-pro-0813-off,all-arms,dynamic,Omega_hat_StateLoad,139,1965000.0313217512,0.95495603185722611,0.88587539265078463,0.9830228998835524
cumulative-state-load,deepseek-v4-pro-0813-off,all-arms,dynamic,Omega_hat_StateLoad,140,2039477.6246000042,0.95563708133972236,0.88655071031404953,0.98343836597931578
cumulative-state-load,deepseek-v4-pro-0813-off,all-arms,dynamic,Omega_hat_StateLoad,141,2116778.0737622799,0.95630830471067962,0.8872159253579246,0.98384488265501557
cumulative-state-load,deepseek-v4-pro-0813-off,all-arms,dynamic,Omega_hat_StateLoad,142,2197008.3709251489,0.95696982957676668,0.88787132966287474,0.98424257860574216
cumulative-state-load,deepseek-v4-pro-0813-off,all-arms,dynamic,Omega_hat_StateLoad,143,2280279.5634292103,0.95762178231483253,0.88851720466383444,0.98463158436649023
cumulative-state-load,deepseek-v4-pro-0813-off,all-arms,dynamic,Omega_hat_StateLoad,144,2366706.9075405272,0.95826428807027997,0.889153821737105,0.9850120320367266
cumulative-state-load,deepseek-v4-pro-0813-off,all-arms,dynamic,Omega_hat_StateLoad,145,2456410.0279776654,0.95889747075597231,0.88978144257508796,0.98538405501956061
cumulative-state-load,deepseek-v4-pro-0813-off,all-arms,dynamic,Omega_hat_StateLoad,146,2549513.0834851423,0.95952145305165337,0.89040031954892052,0.9857477877751637
cumulative-state-load,deepseek-v4-pro-0813-off,all-arms,dynamic,Omega_hat_StateLoad,147,2646144.9386824514,0.96013635640386574,0.89101069605911476,0.98610336558805234
cumulative-state-load,deepseek-v4-pro-0813-off,all-arms,dynamic,Omega_hat_StateLoad,148,2746439.342426524,0.96074230102634739,0.8916128068743433,0.98645092434783133
cumulative-state-load,deepseek-v4-pro-0813-off,all-arms,dynamic,Omega_hat_StateLoad,149,2850535.1129345004,0.96133940590089229,0.89220687845855118,0.98679060034297172
cumulative-state-load,deepseek-v4-pro-0813-off,all-arms,dynamic,Omega_hat_StateLoad,150,2958576.3299230374,0.96192778877865537,0.8927931292865865,0.98712253006719086
cumulative-state-load,deepseek-v4-pro-0813-off,all-arms,dynamic,Omega_hat_StateLoad,151,3070712.5340300971,0.96250756618188704,0.8933717701485866,0.98744685003798338
cumulative-state-load,deepseek-v4-pro-0813-off,all-arms,dynamic,Omega_hat_StateLoad,152,3187098.93379523,0.96307885340608257,0.89394300444335939,0.98776369662685592
cumulative-state-load,deepseek-v4-pro-0813-off,all-arms,dynamic,Omega_hat_StateLoad,153,3307896.6204848788,0.96364176452252792,0.89450702846101404,0.9880732059008106
cumulative-state-load,deepseek-v4-pro-0813-off,all-arms,dynamic,Omega_hat_StateLoad,154,3433272.7910599322,0.96419641238122877,0.89506403165512538,0.98837551347461849
cumulative-state-load,deepseek-v4-pro-0813-off,all-arms,dynamic,Omega_hat_StateLoad,155,3563400.9795942889,0.96474290861420675,0.89561419690469879,0.98867075437343777
cumulative-state-load,deepseek-v4-pro-0813-off,all-arms,dynamic,Omega_hat_StateLoad,156,3698461.2974646334,0.9652813636391484,0.89615770076623835,0.98895906290532154
cumulative-state-load,deepseek-v4-pro-0813-off,all-arms,dynamic,Omega_hat_StateLoad,157,3838640.6826439044,0.96581188666339501,0.89669471371619591,0.98924057254317865
cumulative-state-load,deepseek-v4-pro-0813-off,all-arms,dynamic,Omega_hat_StateLoad,158,3984133.1584435119,0.96633458568825403,0.89722540038410892,0.98951541581574864
cumulative-state-load,deepseek-v4-pro-0813-off,all-arms,dynamic,Omega_hat_StateLoad,159,4135140.1020624209,0.96684956751362461,0.89774991977671437,0.98978372420716787
cumulative-state-load,deepseek-v4-pro-0813-off,all-arms,dynamic,Omega_hat_StateLoad,160,4291870.523314801,0.96735693774291898,0.89826842549333863,0.9900456280647103
cumulative-state-load,deepseek-v4-pro-0813-off,all-arms,dynamic,Omega_hat_StateLoad,161,4454541.3539220421,0.96785680078827074,0.89878106593285501,0.9903012565142949
cumulative-state-load,deepseek-v4-pro-0813-off,all-arms,dynamic,Omega_hat_StateLoad,162,4623377.747769529,0.9683492598760145,0.89928798449250147,0.99055073738336952
cumulative-state-load,deepseek-v4-pro-0813-off,all-arms,dynamic,Omega_hat_StateLoad,163,4798613.3925437871,0.96883441705242568,0.89978931975883925,0.99079419713078509
cumulative-state-load,deepseek-v4-pro-0813-off,all-arms,dynamic,Omega_hat_StateLoad,164,4980490.8331813114,0.96931237318971009,0.90028520569114523,0.99103176078329203
cumulative-state-load,deepseek-v4-pro-0813-off,all-arms,dynamic,Omega_hat_StateLoad,165,5169261.8075767858,0.96978322799222738,0.90077577179750201,0.99126355187830117
cumulative-state-load,deepseek-v4-pro-0813-off,all-arms,dynamic,Omega_hat_StateLoad,166,5365187.595015347,0.97024708000294246,0.90126114330386609,0.99148969241256235
cumulative-state-load,deepseek-v4-pro-0813-off,all-arms,dynamic,Omega_hat_StateLoad,167,5568539.3778111478,0.97070402661009014,0.90174144131637135,0.99171030279643224
cumulative-state-load,deepseek-v4-pro-0813-off,all-arms,dynamic,Omega_hat_StateLoad,168,5779598.6166527811,0.97115416405404231,0.9022167829771337,0.99192550181340666
cumulative-state-load,deepseek-v4-pro-0813-off,all-arms,dynamic,Omega_hat_StateLoad,169,5998657.4401750788,0.97159758743436997,0.90268728161379641,0.99213540658461585
cumulative-state-load,deepseek-v4-pro-0813-off,all-arms,dynamic,Omega_hat_StateLoad,170,6226019.0492964843,0.97203439071708708,0.9031530468830713,0.99234013253798492
cumulative-state-load,deepseek-v4-pro-0813-off,all-arms,dynamic,Omega_hat_StateLoad,171,6461998.1368816653,0.97246466674206722,0.90361418490850243,0.99253979338178
cumulative-state-load,deepseek-v4-pro-0813-off,all-arms,dynamic,Omega_hat_StateLoad,172,6706921.3233102048,0.9728885072306247,0.90407079841268823,0.99273450108227013
cumulative-state-load,deepseek-v4-pro-0813-off,all-arms,dynamic,Omega_hat_StateLoad,173,6961127.6085542524,0.97330600279324975,0.90452298684417831,0.9929243658452459
cumulative-state-load,deepseek-v4-pro-0813-off,all-arms,dynamic,Omega_hat_StateLoad,174,7224968.8413908696,0.97371724293748707,0.90497084649926018,0.99310949610115218
cumulative-state-load,deepseek-v4-pro-0813-off,all-arms,dynamic,Omega_hat_StateLoad,175,7498810.2063984871,0.9741223160759539,0.90541447063884828,0.99328999849359745
cumulative-state-load,deepseek-v4-pro-0813-off,all-arms,dynamic,Omega_hat_StateLoad,176,7783030.7294115536,0.97452130953448279,0.90585394960066368,0.99346597787101965
cumulative-state-load,deepseek-v4-pro-0813-off,all-arms,dynamic,Omega_hat_StateLoad,177,8078023.8021329576,0.97491430956038638,0.90628937090690687,0.99363753728129345
cumulative-state-load,deepseek-v4-pro-0813-off,all-arms,dynamic,Omega_hat_StateLoad,178,8384197.7266303636,0.97530140133083265,0.90672081936760252,0.99380477796907851
cumulative-state-load,deepseek-v4-pro-0813-off,all-arms,dynamic,Omega_hat_StateLoad,179,8701976.2804700844,0.97568266896132383,0.90714837717979913,0.99396779937571778
cumulative-state-load,deepseek-v4-pro-0813-off,all-arms,dynamic,Omega_hat_StateLoad,180,9031799.303270705,0.97605819551427286,0.90757212402278975,0.99412669914150054
cumulative-state-load,deepseek-v4-pro-0813-off,all-arms,dynamic,Omega_hat_StateLoad,181,9374123.3054883219,0.97642806300766827,0.90799213714952409,0.99428157311012111
cumulative-state-load,deepseek-v4-pro-0813-off,all-arms,dynamic,Omega_hat_StateLoad,182,9729422.1002759933,0.97679235242382056,0.90840849147436376,0.99443251533516974
cumulative-state-load,deepseek-v4-pro-0813-off,all-arms,dynamic,Omega_hat_StateLoad,183,10098187.459291985,0.97715114371818557,0.90882125965734117,0.9945796180884946
cumulative-state-load,deepseek-v4-pro-0813-off,all-arms,dynamic,Omega_hat_StateLoad,184,10480929.793364527,0.97750451582825426,0.9092305121850609,0.99472297187029768
cumulative-state-load,deepseek-v4-pro-0813-off,all-arms,dynamic,Omega_hat_StateLoad,185,10878178.85895516,0.97785254668250687,0.90963631744838636,0.9948626654208188
cumulative-state-load,deepseek-v4-pro-0813-off,all-arms,dynamic,Omega_hat_StateLoad,186,11290484.491398528,0.97819531320942232,0.91003874181704691,0.99499878573348
cumulative-state-load,deepseek-v4-pro-0813-off,all-arms,dynamic,Omega_hat_StateLoad,187,11718417.365933487,0.97853289134653854,0.91043784971129338,0.99513141806936567
cumulative-state-load,deepseek-v4-pro-0813-off,all-arms,dynamic,Omega_hat_StateLoad,188,12162569.787578871,0.97886535604955538,0.91083370367072547,0.99526064597292185
cumulative-state-load,deepseek-v4-pro-0813-off,all-arms,dynamic,Omega_hat_StateLoad,189,12623556.510947196,0.97919278130147924,0.91122636442041072,0.9953865512887673
cumulative-state-load,deepseek-v4-pro-0813-off,all-arms,dynamic,Omega_hat_StateLoad,190,13102015.591131009,0.97951524012179991,0.91161589093440443,0.99550921417950744
cumulative-state-load,deepseek-v4-pro-0813-off,all-arms,dynamic,Omega_hat_StateLoad,191,13598609.26683961,0.97983280457569522,0.91200234049678763,0.99562871314446111
cumulative-state-load,deepseek-v4-pro-0813-off,all-arms,dynamic,Omega_hat_StateLoad,192,14114024.877008488,0.98014554578326052,0.91238576876031596,0.99574512503920021
cumulative-state-load,deepseek-v4-pro-0813-off,all-arms,dynamic,Omega_hat_StateLoad,193,14648975.812150158,0.98045353392875567,0.91276622980278987,0.99585852509582451
cumulative-state-load,deepseek-v4-pro-0813-off,all-arms,dynamic,Omega_hat_StateLoad,194,15204202.501763195,0.98075683826986815,0.9131437761812341,0.99596898694388492
cumulative-state-load,deepseek-v4-pro-0813-off,all-arms,dynamic,Omega_hat_StateLoad,195,15780473.439166095,0.98105552714698274,0.91351845898398065,0.99607658263188137
cumulative-state-load,deepseek-v4-pro-0813-off,all-arms,dynamic,Omega_hat_StateLoad,196,16378586.245174518,0.98134966799245937,0.91389032788074442,0.99618138264926503
cumulative-state-load,deepseek-v4-pro-0813-off,all-arms,dynamic,Omega_hat_StateLoad,197,16999368.77209406,0.98163932733991099,0.91425943117077035,0.99628345594887735
cumulative-state-load,deepseek-v4-pro-0813-off,all-arms,dynamic,Omega_hat_StateLoad,198,17643680.249556702,0.98192457083347839,0.91462581582913771,0.99638286996976377
cumulative-state-load,deepseek-v4-pro-0813-off,all-arms,dynamic,Omega_hat_StateLoad,199,18312412.473786812,0.98220546323710045,0.91498952755129481,0.9964796906603044
cumulative-state-load,deepseek-v4-pro-0813-off,all-arms,dynamic,Omega_hat_StateLoad,200,19006491.041942816,0.98248206844377084,0.91535061079589641,0.996573982501607
cumulative-state-load,deepseek-v4-pro-0813-off,all-arms,dynamic,Omega_hat_StateLoad,201,19726876.633242991,0.98275444948478519,0.91570910882601997,0.99666580853111109
cumulative-state-load,deepseek-v4-pro-0813-off,all-arms,dynamic,Omega_hat_StateLoad,202,20474566.338648584,0.98302266853896858,0.91606506374881824,0.99675523036635727
cumulative-state-load,deepseek-v4-pro-0813-off,all-arms,dynamic,Omega_hat_StateLoad,203,21250595.040944718,0.98328678694188254,0.91641851655368345,0.99684230822887632
cumulative-state-load,deepseek-v4-pro-0813-off,all-arms,dynamic,Omega_hat_StateLoad,204,22056036.847129192,0.98354686519501222,0.91676950714897487,0.99692710096815784
cumulative-state-load,deepseek-v4-pro-0813-off,all-arms,dynamic,Omega_hat_StateLoad,205,22892006.575091846,0.98380296297492209,0.91711807439737492,0.99700966608566122
cumulative-state-load,deepseek-v4-pro-0813-off,all-arms,dynamic,Omega_hat_StateLoad,206,23759661.29664214,0.98405513914238807,0.91746425614992533,0.99709005975883136
cumulative-state-load,deepseek-v4-pro-0813-off,all-arms,dynamic,Omega_hat_StateLoad,207,24660201.93902069,0.98430345175149314,0.91780808927880475,0.99716833686508943
cumulative-state-load,deepseek-v4-pro-0813-off,all-arms,dynamic,Omega_hat_StateLoad,208,25594874.947111465,0.98454795805869288,0.91814960970888715,0.99724455100576737
cumulative-state-load,deepseek-v4-pro-0813-off,all-arms,dynamic,Omega_hat_StateLoad,209,26564974.008655239,0.9847887145318408,0.91848885244814416,0.99731875452995689
cumulative-state-load,deepseek-v4-pro-0813-off,all-arms,dynamic,Omega_hat_StateLoad,210,27571841.84485225,0.98502577685917603,0.91882585161692543,0.99739099855824864
cumulative-state-load,deepseek-v4-pro-0813-off,all-arms,dynamic,Omega_hat_StateLoad,211,28616872.068832427,0.98525919995827094,0.91916064047617385,0.99746133300633977
cumulative-state-load,deepseek-v4-pro-0813-off,all-arms,dynamic,Omega_hat_StateLoad,212,29701511.11456551,0.98548903798493204,0.91949325145460925,0.99752980660848301
cumulative-state-load,deepseek-v4-pro-0813-off,all-arms,dynamic,Omega_hat_StateLoad,213,30827260.238880873,0.98571534434205943,0.9198237161749272,0.99759646694076431
cumulative-state-load,deepseek-v4-pro-0813-off,all-arms,dynamic,Omega_hat_StateLoad,214,31995677.599368077,0.98593817168845477,0.92015206547905293,0.99766136044418441
cumulative-state-load,deepseek-v4-pro-0813-off,all-arms,dynamic,Omega_hat_StateLoad,215,33208380.411034171,0.98615757194758347,0.9204783294524822,0.99772453244753245
cumulative-state-load,deepseek-v4-pro-0813-off,all-arms,dynamic,Omega_hat_StateLoad,216,34467047.184702799,0.98637359631628418,0.92080253744775342,0.99778602719003429
cumulative-state-load,deepseek-v4-pro-0813-off,all-arms,dynamic,Omega_hat_StateLoad,217,35773420.050253317,0.98658629527342512,0.9211247181070793,0.99784588784376249
cumulative-state-load,deepseek-v4-pro-0813-off,all-arms,dynamic,Omega_hat_StateLoad,218,37129307.167915463,0.9867957185885079,0.92144489938417562,0.99790415653579689
cumulative-state-load,deepseek-v4-pro-0813-off,all-arms,dynamic,Omega_hat_StateLoad,219,38536585.23095715,0.98700191533021486,0.92176310856531485,0.99796087437012193
cumulative-state-load,deepseek-v4-pro-0813-off,all-arms,dynamic,Omega_hat_StateLoad,220,39997202.06322936,0.9872049338748996,0.92207937228963832,0.99801608144925524
cumulative-state-load,deepseek-v4-pro-0813-off,all-arms,dynamic,Omega_hat_StateLoad,221,41513179.315163322,0.98740482191501844,0.92239371656875424,0.99806981689559382
cumulative-state-load,deepseek-v4-pro-0813-off,all-arms,dynamic,Omega_hat_StateLoad,222,43086615.261951588,0.98760162646750393,0.92270616680565032,0.99812211887247471
cumulative-state-load,deepseek-v4-pro-0813-off,all-arms,dynamic,Omega_hat_StateLoad,223,44719687.707786456,0.9877953938820766,0.92301674781294751,0.99817302460494017
cumulative-state-load,deepseek-v4-pro-0813-off,all-arms,dynamic,Omega_hat_StateLoad,224,46414657.000174038,0.98798616984949461,0.92332548383051982,0.9982225704002029
cumulative-state-load,deepseek-v4-pro-0813-off,all-arms,dynamic,Omega_hat_StateLoad,225,48173869.158498205,0.98817399940974249,0.92363239854250601,0.99827079166780752
cumulative-state-load,deepseek-v4-pro-0813-off,all-arms,dynamic,Omega_hat_StateLoad,226,49999759.121163003,0.98835892696015415,0.92393751509373478,0.99831772293948107
cumulative-state-load,deepseek-v4-pro-0813-off,all-arms,dynamic,Omega_hat_StateLoad,227,51894854.115808763,0.98854099626347292,0.92424085610558715,0.99836339788867168
cumulative-state-load,deepseek-v4-pro-0813-off,all-arms,dynamic,Omega_hat_StateLoad,228,53861777.157266274,0.98872025045584477,0.9245424436913191,0.99840784934977267
cumulative-state-load,deepseek-v4-pro-0813-off,all-arms,dynamic,Omega_hat_StateLoad,229,55903250.678090826,0.98889673205474771,0.92484229947086094,0.9984511093370273
cumulative-state-load,deepseek-v4-pro-0813-off,all-arms,dynamic,Omega_hat_StateLoad,230,58022100.296701007,0.98907048296685207,0.92514044458511735,0.99849320906311567
cumulative-state-load,deepseek-v4-pro-0813-off,all-arms,dynamic,Omega_hat_StateLoad,231,60221258.72833775,0.98924154449581492,0.92543689970978527,0.99853417895742214
cumulative-state-load,deepseek-v4-pro-0813-off,all-arms,dynamic,Omega_hat_StateLoad,232,62503769.844257012,0.98940995735000603,0.92573168506870684,0.99857404868398025
cumulative-state-load,deepseek-v4-pro-0813-off,all-arms,dynamic,Omega_hat_StateLoad,233,64872792.884774141,0.98957576165016514,0.92602482044677836,0.99861284715909882
cumulative-state-load,deepseek-v4-pro-0813-off,all-arms,dynamic,Omega_hat_StateLoad,234,67331606.831991553,0.98973899693699152,0.92631632520242646,0.99865060256866744
cumulative-state-load,deepseek-v4-pro-0813-off,all-arms,dynamic,Omega_hat_StateLoad,235,69883614.948261753,0.9898997021786623,0.9266062182796736,0.99868734238514145
cumulative-state-load,deepseek-v4-pro-0813-off,all-arms,dynamic,Omega_hat_StateLoad,236,72532349.486667693,0.99005791577828328,0.92689451821980295,0.99872309338421039
cumulative-state-load,deepseek-v4-pro-0813-off,all-arms,dynamic,Omega_hat_StateLoad,237,75281476.580040038,0.99021367558126805,0.92718124317264206,0.99875788166114943
cumulative-state-load,deepseek-v4-pro-0813-off,all-arms,dynamic,Omega_hat_StateLoad,238,78134801.315278426,0.99036701888264711,0.92746641090747528,0.9987917326468545
cumulative-state-load,deepseek-v4-pro-0813-off,all-arms,dynamic,Omega_hat_StateLoad,239,81096273.00000003,0.99051798243430733,0.92775003882360174,0.99882467112356765
cumulative-state-load,glm-5.3-high,all-arms,dynamic,Omega_hat_StateLoad,0,11158.999999999996,0.13124301318231402,0.051037329364598698,0.29792187588303931
cumulative-state-load,glm-5.3-high,all-arms,dynamic,Omega_hat_StateLoad,1,11581.949338495931,0.13277118534535581,0.052037545526014133,0.29922274216034006
cumulative-state-load,glm-5.3-high,all-arms,dynamic,Omega_hat_StateLoad,2,12020.92933770825,0.1343144002819239,0.053055866923428119,0.30052853414945019
cumulative-state-load,glm-5.3-high,all-arms,dynamic,Omega_hat_StateLoad,3,12476.547593061785,0.1358727419178786,0.05409256191852576,0.30183928673039778
cumulative-state-load,glm-5.3-high,all-arms,dynamic,Omega_hat_StateLoad,4,12949.434729113271,0.13744629311537029,0.055147900426390423,0.30315503582203213
cumulative-state-load,glm-5.3-high,all-arms,dynamic,Omega_hat_StateLoad,5,13440.245272403417,0.13903513563009171,0.056222153811301703,0.30447581842003191
cumulative-state-load,glm-5.3-high,all-arms,dynamic,Omega_hat_StateLoad,6,13949.658557391869,0.14063935006800854,0.057315594776445183,0.30580167263633035
cumulative-state-load,glm-5.3-high,all-arms,dynamic,Omega_hat_StateLoad,7,14478.379666729001,0.14225901584158199,0.058428497247335398,0.30713263774001925
cumulative-state-load,glm-5.3-high,all-arms,dynamic,Omega_hat_StateLoad,8,15027.14040716596,0.14389421112549222,0.0595611362487493,0.30846875419978537
cumulative-state-load,glm-5.3-high,all-arms,dynamic,Omega_hat_StateLoad,9,15596.700322453744,0.14554501281187721,0.060713787774965472,0.30981006372794151
cumulative-state-load,glm-5.3-high,all-arms,dynamic,Omega_hat_StateLoad,10,16187.847744633253,0.14721149646509959,0.061886728653100957,0.31115660932611816
cumulative-state-load,glm-5.3-high,all-arms,dynamic,Omega_hat_StateLoad,11,16801.400885171432,0.14889373627605476,0.063080236399335299,0.31250843533267603
cumulative-state-load,glm-5.3-high,all-arms,dynamic,Omega_hat_StateLoad,12,17438.208967453742,0.15059180501603633,0.06429458906780966,0.31386558747191173
cumulative-state-load,glm-5.3-high,all-arms,dynamic,Omega_hat_StateLoad,13,18099.15340220042,0.15230577399017275,0.065530065091985029,0.31522811290512515
cumulative-state-load,glm-5.3-high,all-arms,dynamic,Omega_hat_StateLoad,14,18785.149007433603,0.15403571299045371,0.066786943118244027,0.31659606028362364
cumulative-state-load,glm-5.3-high,all-arms,dynamic,Omega_hat_StateLoad,15,19497.145274683502,0.15578169024836028,0.068065501831516592,0.31796947980373641
cumulative-state-load,glm-5.3-high,all-arms,dynamic,Omega_hat_StateLoad,16,20236.127683186642,0.15754377238712008,0.069366019772710633,0.31934842326392138
cumulative-state-load,glm-5.3-high,all-arms,dynamic,Omega_hat_StateLoad,17,21003.119063894865,0.15932202437360346,0.070688775147726202,0.32073294412404391
cumulative-state-load,glm-5.3-high,all-arms,dynamic,Omega_hat_StateLoad,18,21799.181015183127,0.16111650946988212,0.07203404562783175,0.32212309756691315
cumulative-state-load,glm-5.3-high,all-arms,dynamic,Omega_hat_StateLoad,19,22625.415372215553,0.16292728918446936,0.073402108141179381,0.32351894056216529
cumulative-state-load,glm-5.3-high,all-arms,dynamic,Omega_hat_StateLoad,20,23482.965732003555,0.16475442322326359,0.074793238655237862,0.32492053193258075
cumulative-state-load,glm-5.3-high,all-arms,dynamic,Omega_hat_StateLoad,21,24373.019036266804,0.16659796944021768,0.076207711949921111,0.32632793242293434
cumulative-state-load,glm-5.3-high,all-arms,dynamic,Omega_hat_StateLoad,22,25296.807214287943,0.16845798378775576,0.077645801381189608,0.32774120477147228
cumulative-state-load,glm-5.3-high,all-arms,dynamic,Omega_hat_StateLoad,23,26255.608888034898,0.17033452026696297,0.079107778634906478,0.3291604137841182
cumulative-state-load,glm-5.3-high,all-arms,dynamic,Omega_hat_StateLoad,24,27250.751141910903,0.17222763087757095,0.080593913470728182,0.3305856264115099
cumulative-state-load,glm-5.3-high,all-arms,dynamic,Omega_hat_StateLoad,25,28283.611359581715,0.17413736556776607,0.082104473455814508,0.33201691182897652
cumulative-state-load,glm-5.3-high,all-arms,dynamic,Omega_hat_StateLoad,26,29355.619130422398,0.17606377218384558,0.083639723688143097,0.33345434151956344
cumulative-state-load,glm-5.3-high,all-arms,dynamic,Omega_hat_StateLoad,27,30468.258228222447,0.17800689641974971,0.085199926509219925,0.33489798936021947
cumulative-state-load,glm-5.3-high,all-arms,dynamic,Omega_hat_StateLoad,28,31623.06866488792,0.17996678176649722,0.086785341205977043,0.33634793171126398
cumulative-state-load,glm-5.3-high,all-arms,dynamic,Omega_hat_StateLoad,29,32821.648821983166,0.18194346946155299,0.088396223701657881,0.33780424750924865
cumulative-state-load,glm-5.3-high,all-arms,dynamic,Omega_hat_StateLoad,30,34065.657663062448,0.18393699843815867,0.09003282623549333,0.33926701836334172
cumulative-state-load,glm-5.3-high,all-arms,dynamic,Omega_hat_StateLoad,31,35356.81702985349,0.18594740527465506,0.091695397030976858,0.34073632865535497
cumulative-state-load,glm-5.3-high,all-arms,dynamic,Omega_hat_StateLoad,32,36696.914025471226,0.18797472414382943,0.093384179952557947,0.34221226564354423
cumulative-state-load,glm-5.3-high,all-arms,dynamic,Omega_hat_StateLoad,33,38087.803487960271,0.19001898676231821,0.09509941415057549,0.34369491957031079
cumulative-state-load,glm-5.3-high,all-arms,dynamic,Omega_hat_StateLoad,34,39531.410557589756,0.19208022234009994,0.096841333694267714,0.34518438377393679
cumulative-state-load,glm-5.3-high,all-arms,dynamic,Omega_hat_StateLoad,35,41029.733341454245,0.19415845753011063,0.098610167192699244,0.34668075480448685
cumulative-state-load,glm-5.3-high,all-arms,dynamic,Omega_hat_StateLoad,36,42584.845679068065,0.19625371637801708,0.10040613740346084,0.34818413254401298
cumulative-state-load,glm-5.3-high,all-arms,dynamic,Omega_hat_StateLoad,37,44198.90001278196,0.19836602027218303,0.10222946082900798,0.34969462033119481
cumulative-state-load,glm-5.3-high,all-arms,dynamic,Omega_hat_StateLoad,38,45874.13036699417,0.20049538789386509,0.10408034730051807,0.35121232509055555
cumulative-state-load,glm-5.3-high,all-arms,dynamic,Omega_hat_StateLoad,39,47612.855440279993,0.20264183516767403,0.10595899954916023,0.35273735746638457
cumulative-state-load,glm-5.3-high,all-arms,dynamic,Omega_hat_StateLoad,40,49417.481814719373,0.20480537521234002,0.10786561276468856,0.35426983196150497
cumulative-state-load,glm-5.3-high,all-arms,dynamic,Omega_hat_StateLoad,41,51290.507286864762,0.2069860182918202,0.10980037414128832,0.35580986708101647
cumulative-state-load,glm-5.3-high,all-arms,dynamic,Omega_hat_StateLoad,42,53234.52432495961,0.20918377176678621,0.1117634624106212,0.35735758548114288
cumulative-state-load,glm-5.3-high,all-arms,dynamic,Omega_hat_StateLoad,43,55252.223657192553,0.21139864004653369,0.11375504736204062,0.3589131141233135
cumulative-state-load,glm-5.3-high,all-arms,dynamic,Omega_hat_StateLoad,44,57346.397995954001,0.21363062454135087,0.11577528934996847,0.36047658443359393
cumulative-state-load,glm-5.3-high,all-arms,dynamic,Omega_hat_StateLoad,45,59519.945903249762,0.21587972361539043,0.11782433878845218,0.3620481324675846
cumulative-state-load,glm-5.3-high,all-arms,dynamic,Omega_hat_StateLoad,46,61775.875802621864,0.2181459325400833,0.11990233563294758,0.36362789908088822
cumulative-state-load,glm-5.3-high,all-arms,dynamic,Omega_hat_StateLoad,47,64117.310143129616,0.22042924344813836,0.12200940884940346,0.36521603010524722
cumulative-state-load,glm-5.3-high,all-arms,dynamic,Omega_hat_StateLoad,48,66547.48972115411,0.22272964528816924,0.12414567587075696,0.36681267653043054
cumulative-state-load,glm-5.3-high,all-arms,dynamic,Omega_hat_StateLoad,49,69069.77816600824,0.22504712377999164,0.12631124204098418,0.36841799469193948
cumulative-state-load,glm-5.3-high,all-arms,dynamic,Omega_hat_StateLoad,50,71687.666595560542,0.22738166137063504,0.12850620004689198,0.37003214646458787
cumulative-state-load,glm-5.3-high,all-arms,dynamic,Omega_hat_StateLoad,51,74404.778448317011,0.22973323719111149,0.13073062933787427,0.37165529946198422
cumulative-state-load,glm-5.3-high,all-arms,dynamic,Omega_hat_StateLoad,52,77224.874498648787,0.23210182701398741,0.13298459553390876,0.37328762724193182
cumulative-state-load,glm-5.3-high,all-arms,dynamic,Omega_hat_StateLoad,53,80151.858062107436,0.23448740321180106,0.1352681498221156,0.37492930951772396
cumulative-state-load,glm-5.3-high,all-arms,dynamic,Omega_hat_StateLoad,54,83189.780398032555,0.23688993471637085,0.13758132834225453,0.37658053237529265
cumulative-state-load,glm-5.3-high,all-arms,dynamic,Omega_hat_StateLoad,55,86342.846316929397,0.23930938697904156,0.13992415156160315,0.3782414884961241
cumulative-state-load,glm-5.3-high,all-arms,dynamic,Omega_hat_StateLoad,56,89615.420000377868,0.2417457219319108,0.14229662363971157,0.37991237738582423
cumulative-state-load,glm-5.3-high,all-arms,dynamic,Omega_hat_StateLoad,57,93012.031041528084,0.24419889795008268,0.14469873178361034,0.3815934056081679
cumulative-state-load,glm-5.3-high,all-arms,dynamic,Omega_hat_StateLoad,58,96537.380714543382,0.24666886981499425,0.147130445594121,0.38328478702441027
cumulative-state-load,glm-5.3-high,all-arms,dynamic,Omega_hat_StateLoad,59,100196.34848166823,0.24915558867885901,0.14959171640399668,0.38498674303759639
cumulative-state-load,glm-5.3-high,all-arms,dynamic,Omega_hat_StateLoad,60,103993.99874692765,0.25165900203027541,0.15208247660872029,0.38669950284152527
cumulative-state-load,glm-5.3-high,all-arms,dynamic,Omega_hat_StateLoad,61,107935.58786580569,0.25417905366104299,0.15460263899087653,0.38842330367396105
cumulative-state-load,glm-5.3-high,all-arms,dynamic,Omega_hat_StateLoad,62,112026.57142060563,0.25671568363423342,0.15715209603912436,0.39015839107360661
cumulative-state-load,glm-5.3-high,all-arms,dynamic,Omega_hat_StateLoad,63,116272.61177156115,0.25926882825356024,0.15973071926290916,0.39190501914026127
cumulative-state-load,glm-5.3-high,all-arms,dynamic,Omega_hat_StateLoad,64,120679.58589415067,0.26183842003409491,0.16233835850418532,0.39366345079748621
cumulative-state-load,glm-5.3-high,all-arms,dynamic,Omega_hat_StateLoad,65,125253.59351346194,0.26442438767437032,0.16497484124753936,0.39543395805699927
cumulative-state-load,glm-5.3-high,all-arms,dynamic,Omega_hat_StateLoad,66,130000.96554686614,0.26702665602991854,0.16763997193026858,0.39721682228389016
cumulative-state-load,glm-5.3-high,all-arms,dynamic,Omega_hat_StateLoad,67,134928.27286668657,0.26964514608828538,0.17033353125410872,0.39901233446162587
cumulative-state-load,glm-5.3-high,all-arms,dynamic,Omega_hat_StateLoad,68,140042.33539499232,0.27227977494556843,0.17305527550048985,0.40082079545566462
cumulative-state-load,glm-5.3-high,all-arms,dynamic,Omega_hat_StateLoad,69,145350.23154310038,0.27493045578451536,0.17580493585136514,0.40264251627434094
cumulative-state-load,glm-5.3-high,all-arms,dynamic,Omega_hat_StateLoad,70,150859.30800885765,0.27759709785423164,0.1785822177178672,0.40447781832551311
cumulative-state-load,glm-5.3-high,all-arms,dynamic,Omega_hat_StateLoad,71,156577.18994525884,0.28027960645153532,0.1813868000792484,0.40632703366727352
cumulative-state-load,glm-5.3-high,all-arms,dynamic,Omega_hat_StateLoad,72,162511.79151447647,0.28297788290400011,0.18421833483478131,0.40819050525082812
cumulative-state-load,glm-5.3-high,all-arms,dynamic,Omega_hat_StateLoad,73,168671.32684191057,0.28569182455473019,0.18707644617154756,0.41006858715342165
cumulative-state-load,glm-5.3-high,all-arms,dynamic,Omega_hat_StateLoad,74,175064.32138541964,0.28842132474890153,0.18996072995127963,0.41196164479896091
cumulative-state-load,glm-5.3-high,all-arms,dynamic,Omega_hat_StateLoad,75,181699.62373546918,0.2911662728221121,0.19287075311970195,0.41387005516372971
cumulative-state-load,glm-5.3-high,all-arms,dynamic,Omega_hat_StateLoad,76,188586.41786253048,0.29392655409057555,0.19580605314209093,0.41579420696433084
cumulative-state-load,glm-5.3-high,all-arms,dynamic,Omega_hat_StateLoad,77,195734.23582868115,0.2967020498431982,0.19876613746907978,0.41773450082469821
cumulative-state-load,glm-5.3-high,all-arms,dynamic,Omega_hat_StateLoad,78,203152.97098100197,0.29949263733557119,0.20175048303703119,0.41969134941873504
cumulative-state-load,glm-5.3-high,all-arms,dynamic,Omega_hat_StateLoad,79,210852.89164503088,0.30229818978591416,0.20475853580763673,0.42166517758481153
cumulative-state-load,glm-5.3-high,all-arms,dynamic,Omega_hat_StateLoad,80,218844.65533722739,0.30511857637300321,0.20778971035172406,0.4236564224080433
cumulative-state-load,glm-5.3-high,all-arms,dynamic,Omega_hat_StateLoad,81,227139.32351611898,0.30795366223611331,0.21084338948259362,0.42566553326593243
cumulative-state-load,glm-5.3-high,all-arms,dynamic,Omega_hat_StateLoad,82,235748.37689254669,0.3108033084770091,0.21391892394455772,0.42769297183261468
cumulative-state-load,glm-5.3-high,all-arms,dynamic,Omega_hat_StateLoad,83,244683.73132020084,0.31366737216400786,0.21701563216268863,0.42973921203661225
cumulative-state-load,glm-5.3-high,all-arms,dynamic,Omega_hat_StateLoad,84,253957.75428844139,0.31654570633814655,0.22013280006013353,0.43180473996665403
cumulative-state-load,glm-5.3-high,all-arms,dynamic,Omega_hat_StateLoad,85,263583.28204023,0.31943816002147574,0.22326968094968008,0.43389005371978301
cumulative-state-load,glm-5.3-high,all-arms,dynamic,Omega_hat_StateLoad,86,273573.63733886811,0.32234457822750739,0.22642549550657759,0.4359956631856558
cumulative-state-load,glm-5.3-high,all-arms,dynamic,Omega_hat_StateLoad,87,283942.64790813072,0.32526480197383612,0.22959943182990308,0.43812208976063505
cumulative-state-load,glm-5.3-high,all-arms,dynamic,Omega_hat_StateLoad,88,294704.66557131987,0.32819866829695721,0.23279064560003551,0.44026986598499734
cumulative-state-load,glm-5.3-high,all-arms,dynamic,Omega_hat_StateLoad,89,305874.58611572848,0.33114601026929874,0.2359982603400072,0.44243953509635903
cumulative-state-load,glm-5.3-high,all-arms,dynamic,Omega_hat_StateLoad,90,317467.86991000798,0.33410665701848591,0.23922136778867487,0.44463165049222603
cumulative-state-load,glm-5.3-high,all-arms,dynamic,Omega_hat_StateLoad,91,329500.56330297794,0.33708043374885355,0.24245902839375527,0.4468467750944618
cumulative-state-load,glm-5.3-high,all-arms,dynamic,Omega_hat_StateLoad,92,341989.3208334943,0.34006716176521817,0.24571027193278491,0.44908548060841325
cumulative-state-load,glm-5.3-high,all-arms,dynamic,Omega_hat_StateLoad,93,354951.42828211881,0.34306665849892309,0.24897409826999986,0.45134834666949053
cumulative-state-load,glm-5.3-high,all-arms,dynamic,Omega_hat_StateLoad,94,368404.82659649366,0.34607873753616392,0.25224947825694954,0.45363595987013128
cumulative-state-load,glm-5.3-high,all-arms,dynamic,Omega_hat_StateLoad,95,382368.1367235388,0.34910320864860422,0.25553535478435624,0.45594891266036813
cumulative-state-load,glm-5.3-high,all-arms,dynamic,Omega_hat_StateLoad,96,396860.68538284017,0.35213987782628409,0.25883064399229283,0.45828780211559839
cumulative-state-load,glm-5.3-high,all-arms,dynamic,Omega_hat_StateLoad,97,411902.53181690379,0.35518854731282534,0.26213423664514413,0.46065322856574786
cumulative-state-load,glm-5.3-high,all-arms,dynamic,Omega_hat_StateLoad,98,427514.49555529968,0.35824901564293554,0.26544499967706542,0.46304579408070967
cumulative-state-load,glm-5.3-high,all-arms,dynamic,Omega_hat_StateLoad,99,443718.18523112527,0.36132107768220628,0.26876177791267791,0.46546610080788264
cumulative-state-load,glm-5.3-high,all-arms,dynamic,Omega_hat_StateLoad,100,460536.02848967182,0.36440452466920609,0.27208339596661313,0.46791474915870507
cumulative-state-load,glm-5.3-high,all-arms,dynamic,Omega_hat_StateLoad,101,477991.30303069268,0.36749914425985808,0.27540866032414424,0.47039233584240497
cumulative-state-load,glm-5.3-high,all-arms,dynamic,Omega_hat_StateLoad,102,496108.16882723727,0.37060472057409655,0.27873636160359982,0.47289945174667763
cumulative-state-load,glm-5.3-high,all-arms,dynamic,Omega_hat_StateLoad,103,514911.70156564662,0.37372103424478981,0.282065276999453,0.47543667966674535
cumulative-state-load,glm-5.3-high,all-arms,dynamic,Omega_hat_StateLoad,104,534427.92735299375,0.37684786246891921,0.28539417290302416,0.47800459188615724
cumulative-state-load,glm-5.3-high,all-arms,dynamic,Omega_hat_StateLoad,105,554683.8587400089,0.37998497906099593,0.28872180769553657,0.48060374761481006
cumulative-state-load,glm-5.3-high,all-arms,dynamic,Omega_hat_StateLoad,106,575707.53210934834,0.38313215450869886,0.29204693470591353,0.48323469029197635
cumulative-state-load,glm-5.3-high,all-arms,dynamic,Omega_hat_StateLoad,107,597528.0464809566,0.3862891560307134,0.2953683053232054,0.48589794476454279
cumulative-state-load,glm-5.3-high,all-arms,dynamic,Omega_hat_StateLoad,108,620175.6037882322,0.38945574763674995,0.2986846722508939,0.48859401435325472
cumulative-state-load,glm-5.3-high,all-arms,dynamic,Omega_hat_StateLoad,109,643681.55068074504,0.39263169018971467,0.30199479288762693,0.49132337782236618
cumulative-state-load,glm-5.3-high,all-arms,dynamic,Omega_hat_StateLoad,110,668078.42191136233,0.39581674147000639,0.30529743281620247,0.49408648627077717
cumulative-state-load,glm-5.3-high,all-arms,dynamic,Omega_hat_StateLoad,111,693399.98536783864,0.3990106562419109,0.3085913693799236,0.49688375996535683
cumulative-state-load,glm-5.3-high,all-arms,dynamic,Omega_hat_StateLoad,112,719681.28881119541,0.40221318632205799,0.31187539532284303,0.49971558513967779
cumulative-state-load,glm-5.3-high,all-arms,dynamic,Omega_hat_StateLoad,113,746958.70838558348,0.40542408064991059,0.31514832246798169,0.50258231078376125
cumulative-state-load,glm-5.3-high,all-arms,dynamic,Omega_hat_StateLoad,114,775269.99896677001,0.4086430853602453,0.3184089854054048,0.50548424545254056
cumulative-state-load,glm-5.3-high,all-arms,dynamic,Omega_hat_StateLoad,115,804654.34641893778,0.41186994385758785,0.32165624516015551,0.50842165412257878
cumulative-state-load,glm-5.3-high,all-arms,dynamic,Omega_hat_StateLoad,116,835152.4218321261,0.41510439689255979,0.3248889928085546,0.51139475512797805
cumulative-state-load,glm-5.3-high,all-arms,dynamic,Omega_hat_StateLoad,117,866806.43781538401,0.41834618264009765,0.32810615301031976,0.51440371720741496
cumulative-state-load,glm-5.3-high,all-arms,dynamic,Omega_hat_StateLoad,118,899660.20692355093,0.42159503677949117,0.33130668742343949,0.51744865669466422
cumulative-state-load,glm-5.3-high,all-arms,dynamic,Omega_hat_StateLoad,119,933759.20229853364,0.42485069257620067,0.33448959796875888,0.52052963488489534
cumulative-state-load,glm-5.3-high,all-arms,dynamic,Omega_hat_StateLoad,120,969150.62060901453,0.42811288096539668,0.33765392991188564,0.52364665560829415
cumulative-state-load,glm-5.3-high,all-arms,dynamic,Omega_hat_StateLoad,121,1005883.4473757058,0.43138133063717393,0.34079877473125797,0.52679966304126169
cumulative-state-load,glm-5.3-high,all-arms,dynamic,Omega_hat_StateLoad,122,1044008.5247725662,0.43465576812338508,0.34392327274312035,0.52998853978347649
cumulative-state-load,glm-5.3-high,all-arms,dynamic,Omega_hat_StateLoad,123,1083578.6219978232,0.43793591788603464,0.34702661545660191,0.5332131052265795
cumulative-state-load,glm-5.3-high,all-arms,dynamic,Omega_hat_StateLoad,124,1124648.5083122167,0.44122150240718017,0.35010804763517234,0.5364731142371163
cumulative-state-load,glm-5.3-high,all-arms,dynamic,Omega_hat_StateLoad,125,1167275.0288455165,0.44451224228027419,0.35316686904428951,0.53976825617274515
cumulative-state-load,glm-5.3-high,all-arms,dynamic,Omega_hat_StateLoad,126,1211517.1832762929,0.44780785630289349,0.35620243586904826,0.54309815424670571
cumulative-state-load,glm-5.3-high,all-arms,dynamic,Omega_hat_StateLoad,127,1257436.2074938004,0.45110806157078398,0.35921416178999371,0.54646236525108938
cumulative-state-load,glm-5.3-high,all-arms,dynamic,Omega_hat_StateLoad,128,1305095.6583550193,0.45441257357316139,0.36220151870982531,0.54986037964487744
cumulative-state-load,glm-5.3-high,all-arms,dynamic,Omega_hat_StateLoad,129,1354561.5016541653,0.45772110628919849,0.36516403712844608,0.55329162200791582
cumulative-state-load,glm-5.3-high,all-arms,dynamic,Omega_hat_StateLoad,130,1405902.2034264288,0.46103337228563201,0.3681013061685281,0.55675545185724185
cumulative-state-load,glm-5.3-high,all-arms,dynamic,Omega_hat_StateLoad,131,1459188.8247123135,0.46434908281541903,0.37101297325840515,0.56025116481750448
cumulative-state-load,glm-5.3-high,all-arms,dynamic,Omega_hat_StateLoad,132,1514495.1199137412,0.4676679479173721,0.37389874348351315,0.56377799413276253
cumulative-state-load,glm-5.3-high,all-arms,dynamic,Omega_hat_StateLoad,133,1571897.6388780605,0.47098967651670026,0.37675837862168854,0.56733511250284141
cumulative-state-load,glm-5.3-high,all-arms,dynamic,Omega_hat_StateLoad,134,1631475.8328512479,0.47431397652638274,0.37959169588137637,0.57092163422364262
cumulative-state-load,glm-5.3-high,all-arms,dynamic,Omega_hat_StateLoad,135,1693312.164446959,0.47764055494930313,0.38239856636495567,0.57453661760764863
cumulative-state-load,glm-5.3-high,all-arms,dynamic,Omega_hat_StateLoad,136,1757492.2217836345,0.48096911798106423,0.38517891328215109,0.57817906765805671
cumulative-state-load,glm-5.3-high,all-arms,dynamic,Omega_hat_StateLoad,137,1824104.8369476402,0.48429937111341198,0.38793270994055029,0.58184793896794151
cumulative-state-load,glm-5.3-high,all-arms,dynamic,Omega_hat_StateLoad,138,1893242.2089464071,0.48763101923818697,0.39065997754181697,0.58554213881424977
cumulative-state-load,glm-5.3-high,all-arms,dynamic,Omega_hat_StateLoad,139,1965000.0313217512,0.49096376675173081,0.39336078281309722,0.58926053041553639
cumulative-state-load,glm-5.3-high,all-arms,dynamic,Omega_hat_StateLoad,140,2039477.6246000042,0.49429731765966378,0.39603523550349451,0.59300193632195985
cumulative-state-load,glm-5.3-high,all-arms,dynamic,Omega_hat_StateLoad,141,2116778.0737622799,0.49763137568195898,0.39868348577529189,0.59676514190627428
cumulative-state-load,glm-5.3-high,all-arms,dynamic,Omega_hat_StateLoad,142,2197008.3709251489,0.50096564435823165,0.40130572151894173,0.6005488989252219
cumulative-state-load,glm-5.3-high,all-arms,dynamic,Omega_hat_StateLoad,143,2280279.5634292103,0.5042998271531639,0.40390216561973036,0.6043519291218552
cumulative-state-load,glm-5.3-high,all-arms,dynamic,Omega_hat_StateLoad,144,2366706.9075405272,0.5076336275619886,0.40647307320250559,0.60817292784087218
cumulative-state-load,glm-5.3-high,all-arms,dynamic,Omega_hat_StateLoad,145,2456410.0279776654,0.51096674921594742,0.40901872887910468,0.61201056763081063
cumulative-state-load,glm-5.3-high,all-arms,dynamic,Omega_hat_StateLoad,146,2549513.0834851423,0.51429889598764811,0.41153944402103071,0.61586350180908278
cumulative-state-load,glm-5.3-high,all-arms,dynamic,Omega_hat_StateLoad,147,2646144.9386824514,0.51762977209623717,0.41403555407773851,0.61973036796804348
cumulative-state-load,glm-5.3-high,all-arms,dynamic,Omega_hat_StateLoad,148,2746439.342426524,0.52095908221231402,0.41650741595856822,0.62360979140266093
cumulative-state-load,glm-5.3-high,all-arms,dynamic,Omega_hat_StateLoad,149,2850535.1129345004,0.52428653156250138,0.41895540549397126,0.62750038844278044
cumulative-state-load,glm-5.3-high,all-arms,dynamic,Omega_hat_StateLoad,150,2958576.3299230374,0.52761182603359869,0.42137991498933125,0.63140076967537817
cumulative-state-load,glm-5.3-high,all-arms,dynamic,Omega_hat_StateLoad,151,3070712.5340300971,0.53093467227623692,0.42378135088234031,0.6353095430445842
cumulative-state-load,glm-5.3-high,all-arms,dynamic,Omega_hat_StateLoad,152,3187098.93379523,0.53425477780795916,0.42616013151269128,0.63922531681951444
cumulative-state-load,glm-5.3-high,all-arms,dynamic,Omega_hat_StateLoad,153,3307896.6204848788,0.53757185111565109,0.42851668501070411,0.64314670242215866
cumulative-state-load,glm-5.3-high,all-arms,dynamic,Omega_hat_StateLoad,154,3433272.7910599322,0.54088560175724298,0.43085144730959918,0.64707231710951252
cumulative-state-load,glm-5.3-high,all-arms,dynamic,Omega_hat_StateLoad,155,3563400.9795942889,0.54419574046261032,0.43316486028427975,0.65100078650609428
cumulative-state-load,glm-5.3-high,all-arms,dynamic,Omega_hat_StateLoad,156,3698461.2974646334,0.54750197923359878,0.43545737001791623,0.65493074698458786
cumulative-state-load,glm-5.3-high,all-arms,dynamic,Omega_hat_StateLoad,157,3838640.6826439044,0.55080403144310186,0.43772942519615876,0.65886084789390986
cumulative-state-load,glm-5.3-high,all-arms,dynamic,Omega_hat_StateLoad,158,3984133.1584435119,0.55410161193311758,0.43998147562756124,0.66278975363529991
cumulative-state-load,glm-5.3-high,all-arms,dynamic,Omega_hat_StateLoad,159,4135140.1020624209,0.55739443711171466,0.44221397088773035,0.66671614558817871
cumulative-state-load,glm-5.3-high,all-arms,dynamic,Omega_hat_StateLoad,160,4291870.523314801,0.56068222504884191,0.44442735908378012,0.67063872388852552
cumulative-state-load,glm-5.3-high,all-arms,dynamic,Omega_hat_StateLoad,161,4454541.3539220421,0.563964695570908,0.44662208573497136,0.67455620906329528
cumulative-state-load,glm-5.3-high,all-arms,dynamic,Omega_hat_StateLoad,162,4623377.747769529,0.56724157035407397,0.4487985927647859,0.67846734352510929
cumulative-state-load,glm-5.3-high,all-arms,dynamic,Omega_hat_StateLoad,163,4798613.3925437871,0.57051257301618497,0.45095731759924435,0.68237089293195152
cumulative-state-load,glm-5.3-high,all-arms,dynamic,Omega_hat_StateLoad,164,4980490.8331813114,0.57377742920728592,0.45309869236594924,0.68626564741702423
cumulative-state-load,glm-5.3-high,all-arms,dynamic,Omega_hat_StateLoad,165,5169261.8075767858,0.57703586669865636,0.45522314318811391,0.69015042269419424
cumulative-state-load,glm-5.3-high,all-arms,dynamic,Omega_hat_StateLoad,166,5365187.595015347,0.58028761547030872,0.45733108956770541,0.6940240610446814
cumulative-state-load,glm-5.3-high,all-arms,dynamic,Omega_hat_StateLoad,167,5568539.3778111478,0.58353240779688897,0.45942294385181198,0.69788543219071486
cumulative-state-load,glm-5.3-high,all-arms,dynamic,Omega_hat_StateLoad,168,5779598.6166527811,0.58676997833192834,0.46149911077636024,0.70173343406195665
cumulative-state-load,glm-5.3-high,all-arms,dynamic,Omega_hat_StateLoad,169,5998657.4401750788,0.59000006419039186,0.46355998708141372,0.70556699346044349
cumulative-state-load,glm-5.3-high,all-arms,dynamic,Omega_hat_StateLoad,170,6226019.0492964843,0.59322240502946977,0.4656059611924267,0.70938506662972634
cumulative-state-load,glm-5.3-high,all-arms,dynamic,Omega_hat_StateLoad,171,6461998.1368816653,0.59643674312756956,0.46763741296201133,0.71318663973378049
cumulative-state-load,glm-5.3-high,all-arms,dynamic,Omega_hat_StateLoad,172,6706921.3233102048,0.59964282346145481,0.4696547134669854,0.71697072925109429
cumulative-state-load,glm-5.3-high,all-arms,dynamic,Omega_hat_StateLoad,173,6961127.6085542524,0.60284039378149024,0.47165822485571796,0.72073638228917969
cumulative-state-load,glm-5.3-high,all-arms,dynamic,Omega_hat_StateLoad,174,7224968.8413908696,0.60602920468495014,0.47364830024103433,0.72448267682454559
cumulative-state-load,glm-5.3-high,all-arms,dynamic,Omega_hat_StateLoad,175,7498810.2063984871,0.60920900968734959,0.47562528363421724,0.72820872187297658
cumulative-state-load,glm-5.3-high,all-arms,dynamic,Omega_hat_StateLoad,176,7783030.7294115536,0.61237956529176141,0.47758950991589377,0.73191365759473881
cumulative-state-load,glm-5.3-high,all-arms,dynamic,Omega_hat_StateLoad,177,8078023.8021329576,0.61554063105608203,0.47954130483990115,0.73559665533910967
cumulative-state-load,glm-5.3-high,all-arms,dynamic,Omega_hat_StateLoad,178,8384197.7266303636,0.61869196965821394,0.4814809850664537,0.7392569176324254
cumulative-state-load,glm-5.3-high,all-arms,dynamic,Omega_hat_StateLoad,179,8701976.2804700844,0.62183334695913672,0.4834088582212413,0.74289367811360318
cumulative-state-load,glm-5.3-high,all-arms,dynamic,Omega_hat_StateLoad,180,9031799.303270705,0.62496453206383262,0.48532522297730901,0.74650620142089419
cumulative-state-load,glm-5.3-high,all-arms,dynamic,Omega_hat_StateLoad,181,9374123.3054883219,0.62808529738004537,0.48723036915684081,0.75009378303341312
cumulative-state-load,glm-5.3-high,all-arms,dynamic,Omega_hat_StateLoad,182,9729422.1002759933,0.63119541867484763,0.48912457785019642,0.75365574907078992
cumulative-state-load,glm-5.3-high,all-arms,dynamic,Omega_hat_StateLoad,183,10098187.459291985,0.63429467512899418,0.49100812154977902,0.75719145605409677
cumulative-state-load,glm-5.3-high,all-arms,dynamic,Omega_hat_StateLoad,184,10480929.793364527,0.63738284938904455,0.49288126429653356,0.76070029063102262
cumulative-state-load,glm-5.3-high,all-arms,dynamic,Omega_hat_StateLoad,185,10878178.85895516,0.64045972761723724,0.49474426183705406,0.76418166926809838
cumulative-state-load,glm-5.3-high,all-arms,dynamic,Omega_hat_StateLoad,186,11290484.491398528,0.64352509953910086,0.49659736178950237,0.76763503791260024
cumulative-state-load,glm-5.3-high,all-arms,dynamic,Omega_hat_StateLoad,187,11718417.365933487,0.64657875848879209,0.4984408038166806,0.77105987162662093
cumulative-state-load,glm-5.3-high,all-arms,dynamic,Omega_hat_StateLoad,188,12162569.787578871,0.64962050145215133,0.50027481980479493,0.77445567419563921
cumulative-state-load,glm-5.3-high,all-arms,dynamic,Omega_hat_StateLoad,189,12623556.510947196,0.65265012910746589,0.50209963404657476,0.77782197771379336
cumulative-state-load,glm-5.3-high,all-arms,dynamic,Omega_hat_StateLoad,190,13102015.591131009,0.6556674458639411,0.50391546342757898,0.78115834214792157
cumulative-state-load,glm-5.3-high,all-arms,dynamic,Omega_hat_StateLoad,191,13598609.26683961,0.65867225989787204,0.50572251761461595,0.78446435488234001
cumulative-state-load,glm-5.3-high,all-arms,dynamic,Omega_hat_StateLoad,192,14114024.877008488,0.66166438318651777,0.50752099924535965,0.78773963024618443
cumulative-state-load,glm-5.3-high,all-arms,dynamic,Omega_hat_StateLoad,193,14648975.812150158,0.66464363153968264,0.50931110411833402,0.79098380902506127
cumulative-state-load,glm-5.3-high,all-arms,dynamic,Omega_hat_StateLoad,194,15204202.501763195,0.66760982462900365,0.51109302138252277,0.79419655795865429
cumulative-state-load,glm-5.3-high,all-arms,dynamic,Omega_hat_StateLoad,195,15780473.439166095,0.67056278601495434,0.5128669337259959,0.79737756922582503
cumulative-state-load,glm-5.3-high,all-arms,dynamic,Omega_hat_StateLoad,196,16378586.245174518,0.67350234317157187,0.5146330175629712,0.80052655991868438
cumulative-state-load,glm-5.3-high,all-arms,dynamic,Omega_hat_StateLoad,197,16999368.77209406,0.67642832750891957,0.51639144321885877,0.80364327150701276
cumulative-state-load,glm-5.3-high,all-arms,dynamic,Omega_hat_StateLoad,198,17643680.249556702,0.67934057439329409,0.51814237511285588,0.80672746929434347
cumulative-state-load,glm-5.3-high,all-arms,dynamic,Omega_hat_StateLoad,199,18312412.473786812,0.68223892316519608,0.51988597193775465,0.80977894186694777
cumulative-state-load,glm-5.3-high,all-arms,dynamic,Omega_hat_StateLoad,200,19006491.041942816,0.6851232171550774,0.52162238683666295,0.81279750053689859
cumulative-state-load,glm-5.3-high,all-arms,dynamic,Omega_hat_StateLoad,201,19726876.633242991,0.68799330369688316,0.52335176757639212,0.81578297878031947
cumulative-state-load,glm-5.3-high,all-arms,dynamic,Omega_hat_StateLoad,202,20474566.338648584,0.69084903413941323,0.52507425671731256,0.81873523167187878
cumulative-state-load,glm-5.3-high,all-arms,dynamic,Omega_hat_StateLoad,203,21250595.040944718,0.69369026385551824,0.52678999177950547,0.82165413531652332
cumulative-state-load,glm-5.3-high,all-arms,dynamic,Omega_hat_StateLoad,204,22056036.847129192,0.69651685224915894,0.52849910540510081,0.82453958627938928
cumulative-state-load,glm-5.3-high,all-arms,dynamic,Omega_hat_StateLoad,205,22892006.575091846,0.69932866276035111,0.5302017255166781,0.82739150101479919
cumulative-state-load,glm-5.3-high,all-arms,dynamic,Omega_hat_StateLoad,206,23759661.29664214,0.70212556286802552,0.53189797547169171,0.83020981529517424
cumulative-state-load,glm-5.3-high,all-arms,dynamic,Omega_hat_StateLoad,207,24660201.93902069,0.70490742409082763,0.5335879742128482,0.83299448364067341
cumulative-state-load,glm-5.3-high,all-arms,dynamic,Omega_hat_StateLoad,208,25594874.947111465,0.70767412198588997,0.5352718364144301,0.83574547875031113
cumulative-state-load,glm-5.3-high,all-arms,dynamic,Omega_hat_StateLoad,209,26564974.008655239,0.71042553614560711,0.53694967262455484,0.83846279093526566
cumulative-state-load,glm-5.3-high,all-arms,dynamic,Omega_hat_StateLoad,210,27571841.84485225,0.71316155019244398,0.53862158940337546,0.84114642755505786
cumulative-state-load,glm-5.3-high,all-arms,dynamic,Omega_hat_StateLoad,211,28616872.068832427,0.71588205177181541,0.54028768945726524,0.84379641245722359
cumulative-state-load,glm-5.3-high,all-arms,dynamic,Omega_hat_StateLoad,212,29701511.11456551,0.71858693254306727,0.54194807176899851,0.84641278542109244
cumulative-state-load,glm-5.3-high,all-arms,dynamic,Omega_hat_StateLoad,213,30827260.238880873,0.72127608816859812,0.54360283172400281,0.84899560160621612
cumulative-state-load,glm-5.3-high,all-arms,dynamic,Omega_hat_StateLoad,214,31995677.599368077,0.72394941830115711,0.54525206123271541,0.85154493100598694
cumulative-state-load,glm-5.3-high,all-arms,dynamic,Omega_hat_StateLoad,215,33208380.411034171,0.72660682656935671,0.54689584884913145,0.85406085790692776
cumulative-state-load,glm-5.3-high,all-arms,dynamic,Omega_hat_StateLoad,216,34467047.184702799,0.7292482205614409,0.54853427988559367,0.85654348035411954
cumulative-state-load,glm-5.3-high,all-arms,dynamic,Omega_hat_StateLoad,217,35773420.050253317,0.73187351180734406,0.55016743652391542,0.85899290962319019
cumulative-state-load,glm-5.3-high,all-arms,dynamic,Omega_hat_StateLoad,218,37129307.167915463,0.73448261575908702,0.55179539792290755,0.86140926969926168
cumulative-state-load,glm-5.3-high,all-arms,dynamic,Omega_hat_StateLoad,219,38536585.23095715,0.73707545176954803,0.55341824032239639,0.86379269676322679
cumulative-state-load,glm-5.3-high,all-arms,dynamic,Omega_hat_StateLoad,220,39997202.06322936,0.73965194306965187,0.55503603714382266,0.86614333868568671
cumulative-state-load,glm-5.3-high,all-arms,dynamic,Omega_hat_StateLoad,221,41513179.315163322,0.74221201674401993,0.55664885908749551,0.8684613545288703
cumulative-state-load,glm-5.3-high,all-arms,dynamic,Omega_hat_StateLoad,222,43086615.261951588,0.74475560370512373,0.55825677422661091,0.87074691405680726
cumulative-state-load,glm-5.3-high,all-arms,dynamic,Omega_hat_StateLoad,223,44719687.707786456,0.74728263866598743,0.55985984809810341,0.87300019725402478
cumulative-state-load,glm-5.3-high,all-arms,dynamic,Omega_hat_StateLoad,224,46414657.000174038,0.74979306011148183,0.56145814379043835,0.87522139385299225
cumulative-state-load,glm-5.3-high,all-arms,dynamic,Omega_hat_StateLoad,225,48173869.158498205,0.75228681026825506,0.56305172202841958,0.8774107028705278
cumulative-state-load,glm-5.3-high,all-arms,dynamic,Omega_hat_StateLoad,226,49999759.121163003,0.75476383507334444,0.56464064125511559,0.87956833215334862
cumulative-state-load,glm-5.3-high,all-arms,dynamic,Omega_hat_StateLoad,227,51894854.115808763,0.75722408414151532,0.56622495771098214,0.8816944979329312
cumulative-state-load,glm-5.3-high,all-arms,dynamic,Omega_hat_StateLoad,228,53861777.157266274,0.75966751073137251,0.56780472551027239,0.88378942438982144
cumulative-state-load,glm-5.3-high,all-arms,dynamic,Omega_hat_StateLoad,229,55903250.678090826,0.76209407171028809,0.5693799967148252,0.88585334322751441
cumulative-state-load,glm-5.3-high,all-arms,dynamic,Omega_hat_StateLoad,230,58022100.296701007,0.76450372751819229,0.57095082140530529,0.88788649325600533
cumulative-state-load,glm-5.3-high,all-arms,dynamic,Omega_hat_StateLoad,231,60221258.72833775,0.76689644213027308,0.57251724774999357,0.88988911998509301
cumulative-state-load,glm-5.3-high,all-arms,dynamic,Omega_hat_StateLoad,232,62503769.844257012,0.76927218301862921,0.57407932207119194,0.89186147522749959
cumulative-state-load,glm-5.3-high,all-arms,dynamic,Omega_hat_StateLoad,233,64872792.884774141,0.77163092111292408,0.5756370889093374,0.89380381671185039
cumulative-state-load,glm-5.3-high,all-arms,dynamic,Omega_hat_StateLoad,234,67331606.831991553,0.77397263076008216,0.57719059108489501,0.89571640770554362
cumulative-state-load,glm-5.3-high,all-arms,dynamic,Omega_hat_StateLoad,235,69883614.948261753,0.77629728968307665,0.5787398697581061,0.8975995166475238
cumulative-state-load,glm-5.3-high,all-arms,dynamic,Omega_hat_StateLoad,236,72532349.486667693,0.77860487893885078,0.58028496448666789,0.89945341679095325
cumulative-state-load,glm-5.3-high,all-arms,dynamic,Omega_hat_StateLoad,237,75281476.580040038,0.78089538287542026,0.58182591328141342,0.90127838585577125
cumulative-state-load,glm-5.3-high,all-arms,dynamic,Omega_hat_StateLoad,238,78134801.315278426,0.78316878908819754,0.58336275266006787,0.90307470569110249
cumulative-state-load,glm-5.3-high,all-arms,dynamic,Omega_hat_StateLoad,239,81096273.00000003,0.78542508837558378,0.58489551769913617,0.90484266194747842
cumulative-state-load,gpt-5.6-sol-high,all-arms,dynamic,Omega_hat_StateLoad,0,11158.999999999996,0.018923984739800021,0.0034187753300405892,0.097845919463635342
cumulative-state-load,gpt-5.6-sol-high,all-arms,dynamic,Omega_hat_StateLoad,1,11581.949338495931,0.019258271489517698,0.0035176641424325846,0.098473429963419318
cumulative-state-load,gpt-5.6-sol-high,all-arms,dynamic,Omega_hat_StateLoad,2,12020.92933770825,0.01959834535646365,0.0036193806123416168,0.099105075697296721
cumulative-state-load,gpt-5.6-sol-high,all-arms,dynamic,Omega_hat_StateLoad,3,12476.547593061785,0.019944302325593018,0.0037240038999284807,0.099740891482410582
cumulative-state-load,gpt-5.6-sol-high,all-arms,dynamic,Omega_hat_StateLoad,4,12949.434729113271,0.020296239824325227,0.0038316152903070293,0.10038091271591926
cumulative-state-load,gpt-5.6-sol-high,all-arms,dynamic,Omega_hat_StateLoad,5,13440.245272403417,0.020654256738831568,0.0039422982454843745,0.10102517539261868
cumulative-state-load,gpt-5.6-sol-high,all-arms,dynamic,Omega_hat_StateLoad,6,13949.658557391869,0.021018453430301461,0.004056138457269506,0.10167371612324004
cumulative-state-load,gpt-5.6-sol-high,all-arms,dynamic,Omega_hat_StateLoad,7,14478.379666729001,0.021388931751177218,0.0041732239011487288,0.10232657215345235
cumulative-state-load,gpt-5.6-sol-high,all-arms,dynamic,Omega_hat_StateLoad,8,15027.14040716596,0.021765795061347001,0.0042936448911246707,0.10298378138359923
cumulative-state-load,gpt-5.6-sol-high,all-arms,dynamic,Omega_hat_StateLoad,9,15596.700322453744,0.022149148244285311,0.0044174941355138945,0.10364538238920352
cumulative-state-load,gpt-5.6-sol-high,all-arms,dynamic,Omega_hat_StateLoad,10,16187.847744633253,0.022539097723129765,0.0045448667936961893,0.10431141444227174
cumulative-state-load,gpt-5.6-sol-high,all-arms,dynamic,Omega_hat_StateLoad,11,16801.400885171432,0.022935751476682243,0.0046758605338063529,0.10498191753343375
cumulative-state-load,gpt-5.6-sol-high,all-arms,dynamic,Omega_hat_StateLoad,12,17438.208967453742,0.023339219055322567,0.0048105755913573009,0.10565693239495484
cumulative-state-load,gpt-5.6-sol-high,all-arms,dynamic,Omega_hat_StateLoad,13,18099.15340220042,0.02374961159682187,0.0049491148287806761,0.10633650052465878
cumulative-state-load,gpt-5.6-sol-high,all-arms,dynamic,Omega_hat_StateLoad,14,18785.149007433603,0.024167041842042422,0.0050915837958685683,0.10702066421080117
cumulative-state-load,gpt-5.6-sol-high,all-arms,dynamic,Omega_hat_StateLoad,15,19497.145274683502,0.024591624150510309,0.005238090791097205,0.10770946655793631
cumulative-state-load,gpt-5.6-sol-high,all-arms,dynamic,Omega_hat_StateLoad,16,20236.127683186642,0.025023474515846845,0.0053887469238104073,0.10840295151382243
cumulative-state-load,gpt-5.6-sol-high,all-arms,dynamic,Omega_hat_StateLoad,17,21003.119063894865,0.025462710581043865,0.0055436661772374019,0.10910116389741094
cumulative-state-load,gpt-5.6-sol-high,all-arms,dynamic,Omega_hat_StateLoad,18,21799.181015183127,0.025909451653567443,0.0057029654723160343,0.10980414942796822
cumulative-state-load,gpt-5.6-sol-high,all-arms,dynamic,Omega_hat_StateLoad,19,22625.415372215553,0.026363818720274421,0.0058667647322888311,0.11051195475538286
cumulative-state-load,gpt-5.6-sol-high,all-arms,dynamic,Omega_hat_StateLoad,20,23482.965732003555,0.026825934462125223,0.0060351869480353166,0.11122462749171164
cumulative-state-load,gpt-5.6-sol-high,all-arms,dynamic,Omega_hat_StateLoad,21,24373.019036266804,0.027295923268675606,0.0062083582440997471,0.11194221624401864
cumulative-state-load,gpt-5.6-sol-high,all-arms,dynamic,Omega_hat_StateLoad,22,25296.807214287943,0.027773911252330065,0.0063864079453689413,0.11266477064857003
cumulative-state-load,gpt-5.6-sol-high,all-arms,dynamic,Omega_hat_StateLoad,23,26255.608888034898,0.028260026262338447,0.0065694686443499989,0.11339234140644555
cumulative-state-load,gpt-5.6-sol-high,all-arms,dynamic,Omega_hat_StateLoad,24,27250.751141910903,0.028754397898516641,0.0067576762689925355,0.11412498032063022
cumulative-state-load,gpt-5.6-sol-high,all-arms,dynamic,Omega_hat_StateLoad,25,28283.611359581715,0.029257157524672058,0.0069511701509945662,0.1148627403346586
cumulative-state-load,gpt-5.6-sol-high,all-arms,dynamic,Omega_hat_StateLoad,26,29355.619130422398,0.029768438281713595,0.0071500930945253838,0.11560567557288116
cumulative-state-load,gpt-5.6-sol-high,all-arms,dynamic,Omega_hat_StateLoad,27,30468.258228222447,0.030288375100424807,0.0073545914452923297,0.11635384138242844
cumulative-state-load,gpt-5.6-sol-high,all-arms,dynamic,Omega_hat_StateLoad,28,31623.06866488792,0.030817104713879228,0.0075648151598718995,0.11710729437695558
cumulative-state-load,gpt-5.6-sol-high,all-arms,dynamic,Omega_hat_StateLoad,29,32821.648821983166,0.031354765669475135,0.0077809178752185973,0.11786609248224658
cumulative-state-load,gpt-5.6-sol-high,all-arms,dynamic,Omega_hat_StateLoad,30,34065.657663062448,0.031901498340566693,0.0080030569782570254,0.11863029498377056
cumulative-state-load,gpt-5.6-sol-high,all-arms,dynamic,Omega_hat_StateLoad,31,35356.81702985349,0.032457444937667924,0.0082313936754552577,0.11939996257627977
cumulative-state-load,gpt-5.6-sol-high,all-arms,dynamic,Omega_hat_StateLoad,32,36696.914025471226,0.033022749519205037,0.0084660930622687397,0.12017515741554834
cumulative-state-load,gpt-5.6-sol-high,all-arms,dynamic,Omega_hat_StateLoad,33,38087.803487960271,0.03359755800179131,0.0087073241923349316,0.12095594317235153
cumulative-state-load,gpt-5.6-sol-high,all-arms,dynamic,Omega_hat_StateLoad,34,39531.410557589756,0.034182018169999252,0.0089552601462894021,0.12174238508879691
cumulative-state-load,gpt-5.6-sol-high,all-arms,dynamic,Omega_hat_StateLoad,35,41029.733341454245,0.034776279685602783,0.0092100781000641237,0.1225345500371175
cumulative-state-load,gpt-5.6-sol-high,all-arms,dynamic,Omega_hat_StateLoad,36,42584.845679068065,0.035380494096261796,0.0094719593925177772,0.12333250658104555
cumulative-state-load,gpt-5.6-sol-high,all-arms,dynamic,Omega_hat_StateLoad,37,44198.90001278196,0.035994814843620854,0.0097410895922362302,0.12413632503989516
cumulative-state-load,gpt-5.6-sol-high,all-arms,dynamic,Omega_hat_StateLoad,38,45874.13036699417,0.036619397270792872,0.010017658563330197,0.12494607755548194
cumulative-state-load,gpt-5.6-sol-high,all-arms,dynamic,Omega_hat_StateLoad,39,47612.855440279993,0.037254398629197744,0.010301860530043274,0.12576183816202002
cumulative-state-load,gpt-5.6-sol-high,all-arms,dynamic,Omega_hat_StateLoad,40,49417.481814719373,0.037899978084724659,0.010593894139970625,0.12658368285914195
cumulative-state-load,gpt-5.6-sol-high,all-arms,dynamic,Omega_hat_StateLoad,41,51290.507286864762,0.038556296723187056,0.010893962525674532,0.12741168968819316
cumulative-state-load,gpt-5.6-sol-high,all-arms,dynamic,Omega_hat_StateLoad,42,53234.52432495961,0.03922351755503739,0.011202273364467462,0.12824593881196447
cumulative-state-load,gpt-5.6-sol-high,all-arms,dynamic,Omega_hat_StateLoad,43,55252.223657192553,0.039901805519308005,0.011519038936117505,0.12908651259802983
cumulative-state-load,gpt-5.6-sol-high,all-arms,dynamic,Omega_hat_StateLoad,44,57346.397995954001,0.040591327486744461,0.011844476178214897,0.12993349570586901
cumulative-state-load,gpt-5.6-sol-high,all-arms,dynamic,Omega_hat_StateLoad,45,59519.945903249762,0.041292252262095937,0.012178806738919612,0.13078697517796317
cumulative-state-load,gpt-5.6-sol-high,all-arms,dynamic,Omega_hat_StateLoad,46,61775.875802621864,0.042004750585526489,0.012522257026792175,0.13164704053505888
cumulative-state-load,gpt-5.6-sol-high,all-arms,dynamic,Omega_hat_StateLoad,47,64117.310143129616,0.042728995133110841,0.012875058257389917,0.13251378387581009
cumulative-state-load,gpt-5.6-sol-high,all-arms,dynamic,Omega_hat_StateLoad,48,66547.48972115411,0.043465160516376562,0.013237446496290207,0.13338729998101556
cumulative-state-load,gpt-5.6-sol-high,all-arms,dynamic,Omega_hat_StateLoad,49,69069.77816600824,0.044213423280854494,0.013609662698180376,0.13426768642268166
cumulative-state-load,gpt-5.6-sol-high,all-arms,dynamic,Omega_hat_StateLoad,50,71687.666595560542,0.044973961903597259,0.013991952741631388,0.13515504367815109
cumulative-state-load,gpt-5.6-sol-high,all-arms,dynamic,Omega_hat_StateLoad,51,74404.778448317011,0.045746956789626383,0.014384567459148064,0.1360494752495533
cumulative-state-load,gpt-5.6-sol-high,all-arms,dynamic,Omega_hat_StateLoad,52,77224.874498648787,0.046532590267266472,0.014787762662063848,0.13695108778884174
cumulative-state-load,gpt-5.6-sol-high,all-arms,dynamic,Omega_hat_StateLoad,53,80151.858062107436,0.047331046582323941,0.015201799159820886,0.13785999122869955
cumulative-state-load,gpt-5.6-sol-high,all-arms,dynamic,Omega_hat_StateLoad,54,83189.780398032555,0.048142511891068288,0.015626942773149539,0.13877629891960799
cumulative-state-load,gpt-5.6-sol-high,all-arms,dynamic,Omega_hat_StateLoad,55,86342.846316929397,0.048967174251971626,0.016063464340631516,0.13970012777338864
cumulative-state-load,gpt-5.6-sol-high,all-arms,dynamic,Omega_hat_StateLoad,56,89615.420000377868,0.049805223616161638,0.01651163971810099,0.14063159841354189
cumulative-state-load,gpt-5.6-sol-high,all-arms,dynamic,Omega_hat_StateLoad,57,93012.031041528084,0.050656851816543245,0.016971749770306296,0.14157083533272694
cumulative-state-load,gpt-5.6-sol-high,all-arms,dynamic,Omega_hat_StateLoad,58,96537.380714543382,0.051522252555542374,0.017444080354221764,0.14251796705773823
cumulative-state-load,gpt-5.6-sol-high,all-arms,dynamic,Omega_hat_StateLoad,59,100196.34848166823,0.052401621391424423,0.017928922293364451,0.14347312632235648
cumulative-state-load,gpt-5.6-sol-high,all-arms,dynamic,Omega_hat_StateLoad,60,103993.99874692765,0.053295155723140447,0.018426571342435045,0.14443645024846857
cumulative-state-load,gpt-5.6-sol-high,all-arms,dynamic,Omega_hat_StateLoad,61,107935.58786580569,0.054203054773652018,0.018937328141565145,0.14540808053586782
cumulative-state-load,gpt-5.6-sol-high,all-arms,dynamic,Omega_hat_StateLoad,62,112026.57142060563,0.055125519571685197,0.01946149815941333,0.14638816366116852
cumulative-state-load,gpt-5.6-sol-high,all-arms,dynamic,Omega_hat_StateLoad,63,116272.61177156115,0.056062752931864225,0.019999391624313741,0.14737685108628781
cumulative-state-load,gpt-5.6-sol-high,all-arms,dynamic,Omega_hat_StateLoad,64,120679.58589415067,0.057014959433174042,0.020551323442638565,0.14837429947696812
cumulative-state-load,gpt-5.6-sol-high,all-arms,dynamic,Omega_hat_StateLoad,65,125253.59351346194,0.057982345395699762,0.021117613103492944,0.14938067093183324
cumulative-state-load,gpt-5.6-sol-high,all-arms,dynamic,Omega_hat_StateLoad,66,130000.96554686614,0.0589651188555919,0.021698584568817143,0.15039613322249981
cumulative-state-load,gpt-5.6-sol-high,all-arms,dynamic,Omega_hat_StateLoad,67,134928.27286668657,0.059963489538204552,0.022294566147925743,0.15142086004527644
cumulative-state-load,gpt-5.6-sol-high,all-arms,dynamic,Omega_hat_StateLoad,68,140042.33539499232,0.060977668829353002,0.022905890355466307,0.15245503128501628
cumulative-state-load,gpt-5.6-sol-high,all-arms,dynamic,Omega_hat_StateLoad,69,145350.23154310038,0.062007869744637768,0.023532893751733421,0.15349883329170619
cumulative-state-load,gpt-5.6-sol-high,all-arms,dynamic,Omega_hat_StateLoad,70,150859.30800885765,0.063054306896780488,0.024175916764225504,0.154552459170398
cumulative-state-load,gpt-5.6-sol-high,all-arms,dynamic,Omega_hat_StateLoad,71,156577.18994525884,0.064117196460917764,0.024835303489283353,0.15561610908511123
cumulative-state-load,gpt-5.6-sol-high,all-arms,dynamic,Omega_hat_StateLoad,72,162511.79151447647,0.065196756137797796,0.025511401472598921,0.15668999057736124
cumulative-state-load,gpt-5.6-sol-high,all-arms,dynamic,Omega_hat_StateLoad,73,168671.32684191057,0.066293205114824255,0.026204561467334714,0.15777431889998181
cumulative-state-load,gpt-5.6-sol-high,all-arms,dynamic,Omega_hat_StateLoad,74,175064.32138541964,0.067406764024892957,0.026915137168544139,0.15886931736694038
cumulative-state-load,gpt-5.6-sol-high,all-arms,dynamic,Omega_hat_StateLoad,75,181699.62373546918,0.068537654902965373,0.027643484922534416,0.15997521771985732
cumulative-state-load,gpt-5.6-sol-high,all-arms,dynamic,Omega_hat_StateLoad,76,188586.41786253048,0.069686101140322684,0.028389963409765417,0.16109226051196113
cumulative-state-load,gpt-5.6-sol-high,all-arms,dynamic,Omega_hat_StateLoad,77,195734.23582868115,0.070852327436445844,0.029154933299831945,0.16222069551022952
cumulative-state-load,gpt-5.6-sol-high,all-arms,dynamic,Omega_hat_StateLoad,78,203152.97098100197,0.072036559748465456,0.029938756877032117,0.16336078211647562
cumulative-state-load,gpt-5.6-sol-high,all-arms,dynamic,Omega_hat_StateLoad,79,210852.89164503088,0.073239025238125269,0.030741797634981558,0.16451278980815323
cumulative-state-load,gpt-5.6-sol-high,all-arms,dynamic,Omega_hat_StateLoad,80,218844.65533722739,0.074459952216205383,0.031564419838696421,0.16567699859966006
cumulative-state-load,gpt-5.6-sol-high,all-arms,dynamic,Omega_hat_StateLoad,81,227139.32351611898,0.075699570084349091,0.032406988052532351,0.16685369952491985
cumulative-state-load,gpt-5.6-sol-high,all-arms,dynamic,Omega_hat_StateLoad,82,235748.37689254669,0.076958109274238656,0.033269866632337441,0.16804319514202076
cumulative-state-load,gpt-5.6-sol-high,all-arms,dynamic,Omega_hat_StateLoad,83,244683.73132020084,0.078235801184066686,0.034153419180155339,0.16924580006067991
cumulative-state-load,gpt-5.6-sol-high,all-arms,dynamic,Omega_hat_StateLoad,84,253957.75428844139,0.079532878112248948,0.035058007959797709,0.1704618414932865
cumulative-state-load,gpt-5.6-sol-high,all-arms,dynamic,Omega_hat_StateLoad,85,263583.28204023,0.080849573188325516,0.035983993271600477,0.17169165983024279
cumulative-state-load,gpt-5.6-sol-high,all-arms,dynamic,Omega_hat_StateLoad,86,273573.63733886811,0.082186120300998838,0.036931732784680212,0.17293560924030044
cumulative-state-load,gpt-5.6-sol-high,all-arms,dynamic,Omega_hat_StateLoad,87,283942.64790813072,0.083542754023257532,0.03790158082502533,0.17419405829652909
cumulative-state-load,gpt-5.6-sol-high,all-arms,dynamic,Omega_hat_StateLoad,88,294704.66557131987,0.084919709534534787,0.038893887617785276,0.17546739062849412
cumulative-state-load,gpt-5.6-sol-high,all-arms,dynamic,Omega_hat_StateLoad,89,305874.58611572848,0.086317222539853994,0.039908998482169861,0.17675600560114846
cumulative-state-load,gpt-5.6-sol-high,all-arms,dynamic,Omega_hat_StateLoad,90,317467.86991000798,0.087735529185913236,0.040947252977433325,0.17806031902084732
cumulative-state-load,gpt-5.6-sol-high,all-arms,dynamic,Omega_hat_StateLoad,91,329500.56330297794,0.089174865974061934,0.042008983998508317,0.17938076386876842
cumulative-state-load,gpt-5.6-sol-high,all-arms,dynamic,Omega_hat_StateLoad,92,341989.3208334943,0.090635469670126353,0.043094516819963548,0.18071779106189712
cumulative-state-load,gpt-5.6-sol-high,all-arms,dynamic,Omega_hat_StateLoad,93,354951.42828211881,0.092117577211040427,0.04420416808709856,0.18207187024156327
cumulative-state-load,gpt-5.6-sol-high,all-arms,dynamic,Omega_hat_StateLoad,94,368404.82659649366,0.093621425608240633,0.045338244753159791,0.18344349058931589
cumulative-state-load,gpt-5.6-sol-high,all-arms,dynamic,Omega_hat_StateLoad,95,382368.1367235388,0.095147251847787023,0.046497042961864847,0.18483316166971242
cumulative-state-load,gpt-5.6-sol-high,all-arms,dynamic,Omega_hat_StateLoad,96,396860.68538284017,0.09669529278717319,0.047680846874666873,0.18624141429931998
cumulative-state-load,gpt-5.6-sol-high,all-arms,dynamic,Omega_hat_StateLoad,97,411902.53181690379,0.098265785048790508,0.048889927442475008,0.18766880144093148
cumulative-state-load,gpt-5.6-sol-high,all-arms,dynamic,Omega_hat_StateLoad,98,427514.49555529968,0.099858964910015877,0.050124541121882686,0.18911589912165097
cumulative-state-load,gpt-5.6-sol-high,all-arms,dynamic,Omega_hat_StateLoad,99,443718.18523112527,0.10147506818989359,0.051384928536339268,0.1905833073731043
cumulative-state-load,gpt-5.6-sol-high,all-arms,dynamic,Omega_hat_StateLoad,100,460536.02848967182,0.1031143301323845,0.052671313083143205,0.1920716511915832
cumulative-state-load,gpt-5.6-sol-high,all-arms,dynamic,Omega_hat_StateLoad,101,477991.30303069268,0.10477698528616079,0.053983899487640437,0.19358158151542312
cumulative-state-load,gpt-5.6-sol-high,all-arms,dynamic,Omega_hat_StateLoad,102,496108.16882723727,0.1064632673809263,0.055322872306580922,0.19511377621634757
cumulative-state-load,gpt-5.6-sol-high,all-arms,dynamic,Omega_hat_StateLoad,103,514911.70156564662,0.10817340920024494,0.056688394383229569,0.19666894110086916
cumulative-state-load,gpt-5.6-sol-high,all-arms,dynamic,Omega_hat_StateLoad,104,534427.92735299375,0.10990764245086675,0.058080605257545083,0.19824781091714327
cumulative-state-load,gpt-5.6-sol-high,all-arms,dynamic,Omega_hat_StateLoad,105,554683.8587400089,0.11166619762854128,0.059499619535539422,0.19985115036187528
cumulative-state-load,gpt-5.6-sol-high,all-arms,dynamic,Omega_hat_StateLoad,106,575707.53210934834,0.11344930388031493,0.060945525222810444,0.20147975508103555
cumulative-state-load,gpt-5.6-sol-high,all-arms,dynamic,Omega_hat_StateLoad,107,597528.0464809566,0.11525718886331046,0.062418382028206564,0.20313445265719413
cumulative-state-load,gpt-5.6-sol-high,all-arms,dynamic,Omega_hat_StateLoad,108,620175.6037882322,0.11709007859999455,0.063918219644639507,0.20481610357526822
cumulative-state-load,gpt-5.6-sol-high,all-arms,dynamic,Omega_hat_StateLoad,109,643681.55068074504,0.11894819732994162,0.065445036015193719,0.20652560215739343
cumulative-state-load,gpt-5.6-sol-high,all-arms,dynamic,Omega_hat_StateLoad,110,668078.42191136233,0.12083176735810688,0.066998795593910102,0.20826387745644151
cumulative-state-load,gpt-5.6-sol-high,all-arms,dynamic,Omega_hat_StateLoad,111,693399.98536783864,0.12274100889962899,0.068579427611924121,0.21003189409647505
cumulative-state-load,gpt-5.6-sol-high,all-arms,dynamic,Omega_hat_StateLoad,112,719681.28881119541,0.12467613992118624,0.070186824361006733,0.21183065304713125
cumulative-state-load,gpt-5.6-sol-high,all-arms,dynamic,Omega_hat_StateLoad,113,746958.70838558348,0.12663737597893471,0.071820839507994685,0.21366119231755915
cumulative-state-load,gpt-5.6-sol-high,all-arms,dynamic,Omega_hat_StateLoad,114,775269.99896677001,0.12862493005306608,0.073481286455074096,0.21552458755415968
cumulative-state-load,gpt-5.6-sol-high,all-arms,dynamic,Omega_hat_StateLoad,115,804654.34641893778,0.13063901237902589,0.075167936762384507,0.21742195252496013
cumulative-state-load,gpt-5.6-sol-high,all-arms,dynamic,Omega_hat_StateLoad,116,835152.4218321261,0.1326798302754385,0.076880518650910848,0.21935443947207964
cumulative-state-load,gpt-5.6-sol-high,all-arms,dynamic,Omega_hat_StateLoad,117,866806.43781538401,0.1347475879687956,0.078618715605117989,0.22132323931235723
cumulative-state-load,gpt-5.6-sol-high,all-arms,dynamic,Omega_hat_StateLoad,118,899660.20692355093,0.13684248641496727,0.080382165096173797,0.2233295816649819
cumulative-state-load,gpt-5.6-sol-high,all-arms,dynamic,Omega_hat_StateLoad,119,933759.20229853364,0.13896472311760277,0.082170457447929585,0.2253747346837526
cumulative-state-load,gpt-5.6-sol-high,all-arms,dynamic,Omega_hat_StateLoad,120,969150.62060901453,0.14111449194349718,0.083983134868956713,0.22746000467065913
cumulative-state-load,gpt-5.6-sol-high,all-arms,dynamic,Omega_hat_StateLoad,121,1005883.4473757058,0.14329198293500481,0.085819690674893437,0.22958673544665761
cumulative-state-load,gpt-5.6-sol-high,all-arms,dynamic,Omega_hat_StateLoad,122,1044008.5247725662,0.14549738211958735,0.087679568726016219,0.23175630745505363
cumulative-state-load,gpt-5.6-sol-high,all-arms,dynamic,Omega_hat_StateLoad,123,1083578.6219978232,0.14773087131659532,0.089562163105298853,0.23397013657274807
cumulative-state-load,gpt-5.6-sol-high,all-arms,dynamic,Omega_hat_StateLoad,124,1124648.5083122167,0.14999262794138687,0.091466818062165417,0.23622967260486255
cumulative-state-load,gpt-5.6-sol-high,all-arms,dynamic,Omega_hat_StateLoad,125,1167275.0288455165,0.15228282480689329,0.0933928282466224,0.23853639743899804
cumulative-state-load,gpt-5.6-sol-high,all-arms,dynamic,Omega_hat_StateLoad,126,1211517.1832762929,0.15460162992275631,0.095339439257410868,0.24089182283667143
cumulative-state-load,gpt-5.6-sol-high,all-arms,dynamic,Omega_hat_StateLoad,127,1257436.2074938004,0.15694920629216119,0.097305848526173536,0.2432974878413485
cumulative-state-load,gpt-5.6-sol-high,all-arms,dynamic,Omega_hat_StateLoad,128,1305095.6583550193,0.15932571170650478,0.099291206557358361,0.24575495578502712
cumulative-state-load,gpt-5.6-sol-high,all-arms,dynamic,Omega_hat_StateLoad,129,1354561.5016541653,0.16173129853804336,0.10129461854058984,0.24826581087859656
cumulative-state-load,gpt-5.6-sol-high,all-arms,dynamic,Omega_hat_StateLoad,130,1405902.2034264288,0.16416611353067231,0.10331514634857084,0.25083165437512078
cumulative-state-load,gpt-5.6-sol-high,all-arms,dynamic,Omega_hat_StateLoad,131,1459188.8247123135,0.16663029758900197,0.10535181092916547,0.25345410029991627
cumulative-state-load,gpt-5.6-sol-high,all-arms,dynamic,Omega_hat_StateLoad,132,1514495.1199137412,0.1691239855658998,0.10740359509519606,0.25613477074670998
cumulative-state-load,gpt-5.6-sol-high,all-arms,dynamic,Omega_hat_StateLoad,133,1571897.6388780605,0.17164730604867692,0.10946944670973038,0.25887529074521304
cumulative-state-load,gpt-5.6-sol-high,all-arms,dynamic,Omega_hat_StateLoad,134,1631475.8328512479,0.1742003811441101,0.11154828225828729,0.26167728271212465
cumulative-state-load,gpt-5.6-sol-high,all-arms,dynamic,Omega_hat_StateLoad,135,1693312.164446959,0.17678332626249491,0.11363899079255635,0.26454236050473168
cumulative-state-load,gpt-5.6-sol-high,all-arms,dynamic,Omega_hat_StateLoad,136,1757492.2217836345,0.17939624990093511,0.11574043822308433,0.2674721231037287
cumulative-state-load,gpt-5.6-sol-high,all-arms,dynamic,Omega_hat_StateLoad,137,1824104.8369476402,0.18203925342608487,0.11785147193106478,0.27046814795954677
cumulative-state-load,gpt-5.6-sol-high,all-arms,dynamic,Omega_hat_StateLoad,138,1893242.2089464071,0.18471243085656699,0.11997092566209754,0.27353198404406398
cumulative-state-load,gpt-5.6-sol-high,all-arms,dynamic,Omega_hat_StateLoad,139,1965000.0313217512,0.18741586864529683,0.1220976246577708,0.27666514465692799
cumulative-state-load,gpt-5.6-sol-high,all-arms,dynamic,Omega_hat_StateLoad,140,2039477.6246000042,0.19014964546195604,0.12423039097442508,0.27986910004253707
cumulative-state-load,gpt-5.6-sol-high,all-arms,dynamic,Omega_hat_StateLoad,141,2116778.0737622799,0.19291383197586376,0.12636804893268286,0.28314526987982958
cumulative-state-load,gpt-5.6-sol-high,all-arms,dynamic,Omega_hat_StateLoad,142,2197008.3709251489,0.19570849063950085,0.12850943063653855,0.28649501571213681
cumulative-state-load,gpt-5.6-sol-high,all-arms,dynamic,Omega_hat_StateLoad,143,2280279.5634292103,0.19853367547295644,0.13065338149721681,0.28991963338825377
cumulative-state-load,gpt-5.6-sol-high,all-arms,dynamic,Omega_hat_StateLoad,144,2366706.9075405272,0.20138943184956784,0.13279876569477284,0.29342034558841185
cumulative-state-load,gpt-5.6-sol-high,all-arms,dynamic,Omega_hat_StateLoad,145,2456410.0279776654,0.20427579628303461,0.13494447150971906,0.29699829450980225
cumulative-state-load,gpt-5.6-sol-high,all-arms,dynamic,Omega_hat_StateLoad,146,2549513.0834851423,0.20719279621629799,0.13708941645784137,0.30065453478570786
cumulative-state-load,gpt-5.6-sol-high,all-arms,dynamic,Omega_hat_StateLoad,147,2646144.9386824514,0.21014044981248006,0.13923255216393171,0.30439002670995591
cumulative-state-load,gpt-5.6-sol-high,all-arms,dynamic,Omega_hat_StateLoad,148,2746439.342426524,0.21311876574818453,0.14137286891426093,0.30820562983455113
cumulative-state-load,gpt-5.6-sol-high,all-arms,dynamic,Omega_hat_StateLoad,149,2850535.1129345004,0.21612774300947096,0.14350939983327229,0.3121020970028775
cumulative-state-load,gpt-5.6-sol-high,all-arms,dynamic,Omega_hat_StateLoad,150,2958576.3299230374,0.21916737069081679,0.1456412246369069,0.31608006887410278
cumulative-state-load,gpt-5.6-sol-high,all-arms,dynamic,Omega_hat_StateLoad,151,3070712.5340300971,0.22223762779738715,0.14776747292304662,0.32014006898647424
cumulative-state-load,gpt-5.6-sol-high,all-arms,dynamic,Omega_hat_StateLoad,152,3187098.93379523,0.22533848305094201,0.14988732696848572,0.3242824993983745
cumulative-state-load,gpt-5.6-sol-high,all-arms,dynamic,Omega_hat_StateLoad,153,3307896.6204848788,0.22846989469971105,0.15200002401129439,0.32850763693662433
cumulative-state-load,gpt-5.6-sol-high,all-arms,dynamic,Omega_hat_StateLoad,154,3433272.7910599322,0.23163181033256955,0.15410485800717022,0.33281563007178605
cumulative-state-load,gpt-5.6-sol-high,all-arms,dynamic,Omega_hat_StateLoad,155,3563400.9795942889,0.23482416669786135,0.15620118085800408,0.33720649643061734
cumulative-state-load,gpt-5.6-sol-high,all-arms,dynamic,Omega_hat_StateLoad,156,3698461.2974646334,0.2380468895272046,0.15828840312019596,0.34168012094639511
cumulative-state-load,gpt-5.6-sol-high,all-arms,dynamic,Omega_hat_StateLoad,157,3838640.6826439044,0.24129989336463262,0.1603659942088935,0.3462362546391296
cumulative-state-load,gpt-5.6-sol-high,all-arms,dynamic,Omega_hat_StateLoad,158,3984133.1584435119,0.24458308140141452,0.16243348212213946,0.35087451400968467
cumulative-state-load,gpt-5.6-sol-high,all-arms,dynamic,Omega_hat_StateLoad,159,4135140.1020624209,0.24789634531690419,0.16449045271566676,0.35559438102486102
cumulative-state-load,gpt-5.6-sol-high,all-arms,dynamic,Omega_hat_StateLoad,160,4291870.523314801,0.2512395651257715,0.16653654856467595,0.36039520366464767
cumulative-state-load,gpt-5.6-sol-high,all-arms,dynamic,Omega_hat_StateLoad,161,4454541.3539220421,0.25461260903196187,0.16857146745328552,0.36527619699815628
cumulative-state-load,gpt-5.6-sol-high,all-arms,dynamic,Omega_hat_StateLoad,162,4623377.747769529,0.25801533328973786,0.17059496053541062,0.37023644475133843
cumulative-state-load,gpt-5.6-sol-high,all-arms,dynamic,Omega_hat_StateLoad,163,4798613.3925437871,0.2614475820721468,0.17260683021272064,0.37527490132722535
cumulative-state-load,gpt-5.6-sol-high,all-arms,dynamic,Omega_hat_StateLoad,164,4980490.8331813114,0.26490918734726393,0.17460692777595294,0.38039039423837223
cumulative-state-load,gpt-5.6-sol-high,all-arms,dynamic,Omega_hat_StateLoad,165,5169261.8075767858,0.26839996876255312,0.17659515085552624,0.38558162691094239
cumulative-state-load,gpt-5.6-sol-high,all-arms,dynamic,Omega_hat_StateLoad,166,5365187.595015347,0.27191973353768295,0.1785714407260417,0.39084718182065836
cumulative-state-load,gpt-5.6-sol-high,all-arms,dynamic,Omega_hat_StateLoad,167,5568539.3778111478,0.27546827636613469,0.18053577950715166,0.39618552392232487
cumulative-state-load,gpt-5.6-sol-high,all-arms,dynamic,Omega_hat_StateLoad,168,5779598.6166527811,0.27904537932593115,0.18248818730054914,0.40159500433663742
cumulative-state-load,gpt-5.6-sol-high,all-arms,dynamic,Omega_hat_StateLoad,169,5998657.4401750788,0.28265081179980678,0.18442871929952034,0.40707386426061454
cumulative-state-load,gpt-5.6-sol-high,all-arms,dynamic,Omega_hat_StateLoad,170,6226019.0492964843,0.28628433040513773,0.18635746290399796,0.4126202390706854
cumulative-state-load,gpt-5.6-sol-high,all-arms,dynamic,Omega_hat_StateLoad,171,6461998.1368816653,0.28994567893393774,0.18827453487021256,0.41823216259051438
cumulative-state-load,gpt-5.6-sol-high,all-arms,dynamic,Omega_hat_StateLoad,172,6706921.3233102048,0.29363458830321676,0.19018007852018673,0.42390757149864677
cumulative-state-load,gpt-5.6-sol-high,all-arms,dynamic,Omega_hat_StateLoad,173,6961127.6085542524,0.29735077651599301,0.19207426103249875,0.42964430985400254
cumulative-state-load,gpt-5.6-sol-high,all-arms,dynamic,Omega_hat_StateLoad,174,7224968.8413908696,0.3010939486332358,0.19395727083200576,0.43544013372008217
cumulative-state-load,gpt-5.6-sol-high,all-arms,dynamic,Omega_hat_StateLoad,175,7498810.2063984871,0.30486379675700165,0.19582931509268023,0.44129271587136787
cumulative-state-load,gpt-5.6-sol-high,all-arms,dynamic,Omega_hat_StateLoad,176,7783030.7294115536,0.30866000002502114,0.19769061736443813,0.44719965056775712
cumulative-state-load,gpt-5.6-sol-high,all-arms,dynamic,Omega_hat_StateLoad,177,8078023.8021329576,0.31248222461697417,0.19954141533181735,0.45315845838493513
cumulative-state-load,gpt-5.6-sol-high,all-arms,dynamic,Omega_hat_StateLoad,178,8384197.7266303636,0.31633012377267661,0.20138195870963285,0.45916659109040697
cumulative-state-load,gpt-5.6-sol-high,all-arms,dynamic,Omega_hat_StateLoad,179,8701976.2804700844,0.32020333782239241,0.20321250727838655,0.46522143655630877
cumulative-state-load,gpt-5.6-sol-high,all-arms,dynamic,Omega_hat_StateLoad,180,9031799.303270705,0.32410149422946233,0.2050333290600557,0.47132032370138915
cumulative-state-load,gpt-5.6-sol-high,all-arms,dynamic,Omega_hat_StateLoad,181,9374123.3054883219,0.32802420764542484,0.20684469863315644,0.47746052745534828
cumulative-state-load,gpt-5.6-sol-high,all-arms,dynamic,Omega_hat_StateLoad,182,9729422.1002759933,0.33197107997779129,0.20864689558446481,0.48363927373940263
cumulative-state-load,gpt-5.6-sol-high,all-arms,dynamic,Omega_hat_StateLoad,183,10098187.459291985,0.33594170047061472,0.21044020309354339,0.4898537444573372
cumulative-state-load,gpt-5.6-sol-high,all-arms,dynamic,Omega_hat_StateLoad,184,10480929.793364527,0.33993564579797103,0.2122249066452768,0.49610108249144919
cumulative-state-load,gpt-5.6-sol-high,all-arms,dynamic,Omega_hat_StateLoad,185,10878178.85895516,0.3439524801704571,0.2140012928648424,0.50237839669785445
cumulative-state-load,gpt-5.6-sol-high,all-arms,dynamic,Omega_hat_StateLoad,186,11290484.491398528,0.34799175545478578,0.21576964846901439,0.50868276689543812
cumulative-state-load,gpt-5.6-sol-high,all-arms,dynamic,Omega_hat_StateLoad,187,11718417.365933487,0.35205301130653405,0.2175302593273106,0.51501124884251492
cumulative-state-load,gpt-5.6-sol-high,all-arms,dynamic,Omega_hat_StateLoad,188,12162569.787578871,0.35613577531608553,0.21928340962627244,0.52136087919491469
cumulative-state-load,gpt-5.6-sol-high,all-arms,dynamic,Omega_hat_StateLoad,189,12623556.510947196,0.36023956316778138,0.22102938113006815,0.52772868043882715
cumulative-state-load,gpt-5.6-sol-high,all-arms,dynamic,Omega_hat_StateLoad,190,13102015.591131009,0.36436387881226873,0.22276845253063082,0.53411166579128277
cumulative-state-load,gpt-5.6-sol-high,all-arms,dynamic,Omega_hat_StateLoad,191,13598609.26683961,0.36850821465201972,0.22450089888062708,0.54050684406075444
cumulative-state-load,gpt-5.6-sol-high,all-arms,dynamic,Omega_hat_StateLoad,192,14114024.877008488,0.37267205173996443,0.22622699110271843,0.54691122445992701
cumulative-state-load,gpt-5.6-sol-high,all-arms,dynamic,Omega_hat_StateLoad,193,14648975.812150158,0.37685485999115698,0.22794699556882769,0.5533218213622455
cumulative-state-load,gpt-5.6-sol-high,all-arms,dynamic,Omega_hat_StateLoad,194,15204202.501763195,0.38105609840737481,0.22966117374334771,0.55973565899357824
cumulative-state-load,gpt-5.6-sol-high,all-arms,dynamic,Omega_hat_StateLoad,195,15780473.439166095,0.38527521531452263,0.23136978188455412,0.5661497760499713
cumulative-state-load,gpt-5.6-sol-high,all-arms,dynamic,Omega_hat_StateLoad,196,16378586.245174518,0.38951164861268595,0.23307307079879308,0.57256123023225947
cumulative-state-load,gpt-5.6-sol-high,all-arms,dynamic,Omega_hat_StateLoad,197,16999368.77209406,0.39376482603866214,0.23477128564231925,0.57896710268817686
cumulative-state-load,gpt-5.6-sol-high,all-arms,dynamic,Omega_hat_StateLoad,198,17643680.249556702,0.39803416544076503,0.23646466576603939,0.5853645023524604
cumulative-state-load,gpt-5.6-sol-high,all-arms,dynamic,Omega_hat_StateLoad,199,18312412.473786812,0.40231907506567594,0.23815344459867807,0.59175057017554
cumulative-state-load,gpt-5.6-sol-high,all-arms,dynamic,Omega_hat_StateLoad,200,19006491.041942816,0.40661895385709351,0.23983784956428211,0.5981224832314046
cumulative-state-load,gpt-5.6-sol-high,all-arms,dynamic,Omega_hat_StateLoad,201,19726876.633242991,0.41093319176590698,0.24151810203023466,0.60447745869548197
cumulative-state-load,gpt-5.6-sol-high,all-arms,dynamic,Omega_hat_StateLoad,202,20474566.338648584,0.41526117007159347,0.24319441728230048,0.61081275768356991
cumulative-state-load,gpt-5.6-sol-high,all-arms,dynamic,Omega_hat_StateLoad,203,21250595.040944718,0.41960226171452036,0.24486700452347934,0.61712568894324404
cumulative-state-load,gpt-5.6-sol-high,all-arms,dynamic,Omega_hat_StateLoad,204,22056036.847129192,0.42395583163880318,0.24653606689375479,0.62341361238951598
cumulative-state-load,gpt-5.6-sol-high,all-arms,dynamic,Omega_hat_StateLoad,205,22892006.575091846,0.42832123714535786,0.24820180150806095,0.6296739424770611
cumulative-state-load,gpt-5.6-sol-high,all-arms,dynamic,Omega_hat_StateLoad,206,23759661.29664214,0.43269782825475389,0.24986439951004419,0.63590415140184109
cumulative-state-load,gpt-5.6-sol-high,all-arms,dynamic,Omega_hat_StateLoad,207,24660201.93902069,0.43708494807945958,0.2515240461394454,0.6421017721255402
cumulative-state-load,gpt-5.6-sol-high,all-arms,dynamic,Omega_hat_StateLoad,208,25594874.947111465,0.4414819332050483,0.25318092081108967,0.6482644012169515
cumulative-state-load,gpt-5.6-sol-high,all-arms,dynamic,Omega_hat_StateLoad,209,26564974.008655239,0.44588811407991702,0.25483519720373954,0.6543897015050657
cumulative-state-load,gpt-5.6-sol-high,all-arms,dynamic,Omega_hat_StateLoad,210,27571841.84485225,0.45030281541304151,0.25648704335718248,0.66047540453941844
cumulative-state-load,gpt-5.6-sol-high,all-arms,dynamic,Omega_hat_StateLoad,211,28616872.068832427,0.45472535657929142,0.25813662177613161,0.66651931285399424
cumulative-state-load,gpt-5.6-sol-high,all-arms,dynamic,Omega_hat_StateLoad,212,29701511.11456551,0.45915505203179041,0.25978408953966742,0.6725193020317547
cumulative-state-load,gpt-5.6-sol-high,all-arms,dynamic,Omega_hat_StateLoad,213,30827260.238880873,0.46359121172080781,0.26142959841506719,0.67847332256769821
cumulative-state-load,gpt-5.6-sol-high,all-arms,dynamic,Omega_hat_StateLoad,214,31995677.599368077,0.46803314151864467,0.26307329497502413,0.68437940152913157
cumulative-state-load,gpt-5.6-sol-high,all-arms,dynamic,Omega_hat_StateLoad,215,33208380.411034171,0.47248014364996738,0.26471532071736148,0.6902356440126598
cumulative-state-load,gpt-5.6-sol-high,all-arms,dynamic,Omega_hat_StateLoad,216,34467047.184702799,0.47693151712702242,0.266355812186441,0.69604023439819884
cumulative-state-load,gpt-5.6-sol-high,all-arms,dynamic,Omega_hat_StateLoad,217,35773420.050253317,0.48138655818916865,0.26799490109559826,0.70179143740108763
cumulative-state-load,gpt-5.6-sol-high,all-arms,dynamic,Omega_hat_StateLoad,218,37129307.167915463,0.48584456074613891,0.26963271444997428,0.70748759892416624
cumulative-state-load,gpt-5.6-sol-high,all-arms,dynamic,Omega_hat_StateLoad,219,38536585.23095715,0.49030481682444127,0.27126937466922918,0.71312714671240562
cumulative-state-load,gpt-5.6-sol-high,all-arms,dynamic,Omega_hat_StateLoad,220,39997202.06322936,0.49476661701630309,0.27290499970968257,0.71870859081338534
cumulative-state-load,gpt-5.6-sol-high,all-arms,dynamic,Omega_hat_StateLoad,221,41513179.315163322,0.49922925093055631,0.27453970318548399,0.72423052384760678
cumulative-state-load,gpt-5.6-sol-high,all-arms,dynamic,Omega_hat_StateLoad,222,43086615.261951588,0.50369200764484734,0.27617359448846091,0.72969162109325136
cumulative-state-load,gpt-5.6-sol-high,all-arms,dynamic,Omega_hat_StateLoad,223,44719687.707786456,0.50815417615857272,0.27780677890639482,0.73509064039057537
cumulative-state-load,gpt-5.6-sol-high,all-arms,dynamic,Omega_hat_StateLoad,224,46414657.000174038,0.51261504584591511,0.27943935773943568,0.74042642187171215
cumulative-state-load,gpt-5.6-sol-high,all-arms,dynamic,Omega_hat_StateLoad,225,48173869.158498205,0.5170739069083754,0.28107142841449212,0.74569788752211608
cumulative-state-load,gpt-5.6-sol-high,all-arms,dynamic,Omega_hat_StateLoad,226,49999759.121163003,0.52153005082618409,0.28270308459741228,0.75090404058035465
cumulative-state-load,gpt-5.6-sol-high,all-arms,dynamic,Omega_hat_StateLoad,227,51894854.115808763,0.5259827708079835,0.28433441630282075,0.75604396478335145
cumulative-state-load,gpt-5.6-sol-high,all-arms,dynamic,Omega_hat_StateLoad,228,53861777.157266274,0.53043136223817589,0.28596551000151221,0.76111682346452014
cumulative-state-load,gpt-5.6-sol-high,all-arms,dynamic,Omega_hat_StateLoad,229,55903250.678090826,0.534875123121338,0.28759644872531576,0.76612185851254022
cumulative-state-load,gpt-5.6-sol-high,all-arms,dynamic,Omega_hat_StateLoad,230,58022100.296701007,0.53931335452310447,0.28922731216936948,0.77105838919875413
cumulative-state-load,gpt-5.6-sol-high,all-arms,dynamic,Omega_hat_StateLoad,231,60221258.72833775,0.54374536100694171,0.29085817679175968,0.77592581088138535
cumulative-state-load,gpt-5.6-sol-high,all-arms,dynamic,Omega_hat_StateLoad,232,62503769.844257012,0.54817045106623119,0.29248911591051441,0.78072359359488286
cumulative-state-load,gpt-5.6-sol-high,all-arms,dynamic,Omega_hat_StateLoad,233,64872792.884774141,0.55258793755109936,0.2941201997979212,0.78545128053283941
cumulative-state-load,gpt-5.6-sol-high,all-arms,dynamic,Omega_hat_StateLoad,234,67331606.831991553,0.5569971380894404,0.29575149577218413,0.79010848643294473
cumulative-state-load,gpt-5.6-sol-high,all-arms,dynamic,Omega_hat_StateLoad,235,69883614.948261753,0.5613973755015943,0.2973830682864354,0.79469489587245845
cumulative-state-load,gpt-5.6-sol-high,all-arms,dynamic,Omega_hat_StateLoad,236,72532349.486667693,0.56578797820814986,0.2990149790151056,0.79921026148265428
cumulative-state-load,gpt-5.6-sol-high,all-arms,dynamic,Omega_hat_StateLoad,237,75281476.580040038,0.5701682806303694,0.30064728693771081,0.80365440209059524
cumulative-state-load,gpt-5.6-sol-high,all-arms,dynamic,Omega_hat_StateLoad,238,78134801.315278426,0.57453762358273663,0.30228004842006317,0.80802720079651169
cumulative-state-load,gpt-5.6-sol-high,all-arms,dynamic,Omega_hat_StateLoad,239,81096273.00000003,0.57889535465715547,0.30391331729297189,0.81232860299488019
cumulative-state-load,gpt-5.6-sol-off,all-arms,dynamic,Omega_hat_StateLoad,0,11158.999999999996,0.38480736976796109,0.19271902296255478,0.62106083400598644
cumulative-state-load,gpt-5.6-sol-off,all-arms,dynamic,Omega_hat_StateLoad,1,11581.949338495931,0.38907608775479646,0.1967857552643352,0.62342491725211224
cumulative-state-load,gpt-5.6-sol-off,all-arms,dynamic,Omega_hat_StateLoad,2,12020.92933770825,0.3933618807989186,0.20091325617826405,0.62578851958002468
cumulative-state-load,gpt-5.6-sol-off,all-arms,dynamic,Omega_hat_StateLoad,3,12476.547593061785,0.39766415355589546,0.20510138192815516,0.62815163831693588
cumulative-state-load,gpt-5.6-sol-off,all-arms,dynamic,Omega_hat_StateLoad,4,12949.434729113271,0.40198230073807956,0.20934993957658196,0.63051427322555165
cumulative-state-load,gpt-5.6-sol-off,all-arms,dynamic,Omega_hat_StateLoad,5,13440.245272403417,0.40631570742437811,0.21365868573072838,0.63287642655780618
cumulative-state-load,gpt-5.6-sol-off,all-arms,dynamic,Omega_hat_StateLoad,6,13949.658557391869,0.41066374938213895,0.21802732529515118,0.63523810310859874
cumulative-state-load,gpt-5.6-sol-off,all-arms,dynamic,Omega_hat_StateLoad,7,14478.379666729001,0.41502579340084295,0.2224555102766218,0.63759931026942762
cumulative-state-load,gpt-5.6-sol-off,all-arms,dynamic,Omega_hat_StateLoad,8,15027.14040716596,0.41940119763725792,0.22694283864627135,0.63996005808178613
cumulative-state-load,gpt-5.6-sol-off,all-arms,dynamic,Omega_hat_StateLoad,9,15596.700322453744,0.42378931197169933,0.23148885326431157,0.64232035929018783
cumulative-state-load,gpt-5.6-sol-off,all-arms,dynamic,Omega_hat_StateLoad,10,16187.847744633253,0.42818947837500221,0.23609304087261213,0.6446802293946593
cumulative-state-load,gpt-5.6-sol-off,all-arms,dynamic,Omega_hat_StateLoad,11,16801.400885171432,0.43260103128580157,0.24075483116042931,0.64703968670252632
cumulative-state-load,gpt-5.6-sol-off,all-arms,dynamic,Omega_hat_StateLoad,12,17438.208967453742,0.43702329799768075,0.24547359590853862,0.64939875237929767
cumulative-state-load,gpt-5.6-sol-off,all-arms,dynamic,Omega_hat_StateLoad,13,18099.15340220042,0.44145559905574083,0.25024864821699044,0.6517574504984327
cumulative-state-load,gpt-5.6-sol-off,all-arms,dynamic,Omega_hat_StateLoad,14,18785.149007433603,0.44589724866210767,0.25507924182162378,0.65411580808974779
cumulative-state-load,gpt-5.6-sol-off,all-arms,dynamic,Omega_hat_StateLoad,15,19497.145274683502,0.45034755508988389,0.25996457050437755,0.65647385518620482
cumulative-state-load,gpt-5.6-sol-off,all-arms,dynamic,Omega_hat_StateLoad,16,20236.127683186642,0.45480582110503248,0.26490376760232176,0.65883162486878
cumulative-state-load,gpt-5.6-sol-off,all-arms,dynamic,Omega_hat_StateLoad,17,21003.119063894865,0.45927134439565376,0.26989590562016136,0.66118915330909878
cumulative-state-load,gpt-5.6-sol-off,all-arms,dynamic,Omega_hat_StateLoad,18,21799.181015183127,0.46374341800811009,0.2749399959508117,0.66354647980948056
cumulative-state-load,gpt-5.6-sol-off,all-arms,dynamic,Omega_hat_StateLoad,19,22625.415372215553,0.46822133078942924,0.28003498870841925,0.66590364684000325
cumulative-state-load,gpt-5.6-sol-off,all-arms,dynamic,Omega_hat_StateLoad,20,23482.965732003555,0.47270436783540848,0.28517977267798911,0.66826070007216543
cumulative-state-load,gpt-5.6-sol-off,all-arms,dynamic,Omega_hat_StateLoad,21,24373.019036266804,0.47719181094382229,0.29037317538551083,0.6706176884086773
cumulative-state-load,gpt-5.6-sol-off,all-arms,dynamic,Omega_hat_StateLoad,22,25296.807214287943,0.48168293907213261,0.29561396329220352,0.67297466400887962
cumulative-state-load,gpt-5.6-sol-off,all-arms,dynamic,Omega_hat_StateLoad,23,26255.608888034898,0.48617702879908031,0.300900842116193,0.67533168230922536
cumulative-state-load,gpt-5.6-sol-off,all-arms,dynamic,Omega_hat_StateLoad,24,27250.751141910903,0.49067335478953866,0.30623245728460841,0.67768880203823256
cumulative-state-load,gpt-5.6-sol-off,all-arms,dynamic,Omega_hat_StateLoad,25,28283.611359581715,0.4951711902619888,0.31160739451872776,0.68004608522524979
cumulative-state-load,gpt-5.6-sol-off,all-arms,dynamic,Omega_hat_StateLoad,26,29355.619130422398,0.49966980745798495,0.31702418055445086,0.68240359720232091
cumulative-state-load,gpt-5.6-sol-off,all-arms,dynamic,Omega_hat_StateLoad,27,30468.258228222447,0.50416847811296217,0.32248128399997122,0.68476140659838736
cumulative-state-load,gpt-5.6-sol-off,all-arms,dynamic,Omega_hat_StateLoad,28,31623.06866488792,0.50866647392773834,0.3279771163321285,0.68711958532498929
cumulative-state-load,gpt-5.6-sol-off,all-arms,dynamic,Omega_hat_StateLoad,29,32821.648821983166,0.51316306704006676,0.33351003303249588,0.68947820855258191
cumulative-state-load,gpt-5.6-sol-off,all-arms,dynamic,Omega_hat_StateLoad,30,34065.657663062448,0.51765753049558483,0.33907833486383576,0.69183735467648999
cumulative-state-load,gpt-5.6-sol-off,all-arms,dynamic,Omega_hat_StateLoad,31,35356.81702985349,0.52214913871751711,0.34468026928711643,0.69419710527147416
cumulative-state-load,gpt-5.6-sol-off,all-arms,dynamic,Omega_hat_StateLoad,32,36696.914025471226,0.5266371679744829,0.35031403201882233,0.69655754503380096
cumulative-state-load,gpt-5.6-sol-off,all-arms,dynamic,Omega_hat_StateLoad,33,38087.803487960271,0.53112089684577546,0.35597776872786979,0.69891876170962552
cumulative-state-load,gpt-5.6-sol-off,all-arms,dynamic,Omega_hat_StateLoad,34,39531.410557589756,0.53559960668346973,0.36166957687095602,0.70128084600842722
cumulative-state-load,gpt-5.6-sol-off,all-arms,dynamic,Omega_hat_StateLoad,35,41029.733341454245,0.5400725820707426,0.36738750766474781,0.70364389150015283
cumulative-state-load,gpt-5.6-sol-off,all-arms,dynamic,Omega_hat_StateLoad,36,42584.845679068065,0.54453911127577959,0.37312956819284554,0.70600799449464491
cumulative-state-load,gpt-5.6-sol-off,all-arms,dynamic,Omega_hat_StateLoad,37,44198.90001278196,0.54899848670066465,0.37889372364503726,0.70837325390184491
cumulative-state-load,gpt-5.6-sol-off,all-arms,dynamic,Omega_hat_StateLoad,38,45874.13036699417,0.55345000532465882,0.38467789968592081,0.71073977107119024
cumulative-state-load,gpt-5.6-sol-off,all-arms,dynamic,Omega_hat_StateLoad,39,47612.855440279993,0.55789296914127995,0.39047998494954472,0.71310764960853446
cumulative-state-load,gpt-5.6-sol-off,all-arms,dynamic,Omega_hat_StateLoad,40,49417.481814719373,0.56232668558862242,0.39629783365633287,0.71547699516885399
cumulative-state-load,gpt-5.6-sol-off,all-arms,dynamic,Omega_hat_StateLoad,41,51290.507286864762,0.56675046797235751,0.40212926834813612,0.71784791522293345
cumulative-state-load,gpt-5.6-sol-off,all-arms,dynamic,Omega_hat_StateLoad,42,53234.52432495961,0.57116363588088359,0.40797208273691959,0.72022051879614923
cumulative-state-load,gpt-5.6-sol-off,all-arms,dynamic,Omega_hat_StateLoad,43,55252.223657192553,0.57556551559210434,0.41382404466220218,0.72259491617742411
cumulative-state-load,gpt-5.6-sol-off,all-arms,dynamic,Omega_hat_StateLoad,44,57346.397995954001,0.5799554404713404,0.41968289915205487,0.72497121859637736
cumulative-state-load,gpt-5.6-sol-off,all-arms,dynamic,Omega_hat_StateLoad,45,59519.945903249762,0.58433275135988927,0.42554637158212133,0.72734953786666945
cumulative-state-load,gpt-5.6-sol-off,all-arms,dynamic,Omega_hat_StateLoad,46,61775.875802621864,0.58869679695378152,0.43141217092685175,0.72972998599351058
cumulative-state-load,gpt-5.6-sol-off,all-arms,dynamic,Omega_hat_StateLoad,47,64117.310143129616,0.59304693417229437,0.43727799309683829,0.73211267474332375
cumulative-state-load,gpt-5.6-sol-off,all-arms,dynamic,Omega_hat_StateLoad,48,66547.48972115411,0.5973825285158062,0.44314152435587323,0.73449771517357232
cumulative-state-load,gpt-5.6-sol-off,all-arms,dynamic,Omega_hat_StateLoad,49,69069.77816600824,0.60170295441260746,0.44900044481112195,0.7368852171208119
cumulative-state-load,gpt-5.6-sol-off,all-arms,dynamic,Omega_hat_StateLoad,50,71687.666595560542,0.6060075955542944,0.45485243196953618,0.73927528864512015
cumulative-state-load,gpt-5.6-sol-off,all-arms,dynamic,Omega_hat_StateLoad,51,74404.778448317011,0.61029584521941105,0.46069516435342406,0.74166803542916571
cumulative-state-load,gpt-5.6-sol-off,all-arms,dynamic,Omega_hat_StateLoad,52,77224.874498648787,0.61456710658501423,0.46652632516784559,0.74406356013035335
cumulative-state-load,gpt-5.6-sol-off,all-arms,dynamic,Omega_hat_StateLoad,53,80151.858062107436,0.61882079302587789,0.47234360601230785,0.74646196168466128
cumulative-state-load,gpt-5.6-sol-off,all-arms,dynamic,Omega_hat_StateLoad,54,83189.780398032555,0.62305632840106384,0.47814471062897479,0.74886333456105703
cumulative-state-load,gpt-5.6-sol-off,all-arms,dynamic,Omega_hat_StateLoad,55,86342.846316929397,0.62727314732762474,0.48392735867940007,0.75126776796567185
cumulative-state-load,gpt-5.6-sol-off,all-arms,dynamic,Omega_hat_StateLoad,56,89615.420000377868,0.63147069544122003,0.48968928954151653,0.75367534499527644
cumulative-state-load,gpt-5.6-sol-off,all-arms,dynamic,Omega_hat_StateLoad,57,93012.031041528084,0.63564842964346213,0.49542826611837776,0.75608614174002298
cumulative-state-load,gpt-5.6-sol-off,all-arms,dynamic,Omega_hat_StateLoad,58,96537.380714543382,0.63980581833582673,0.50114207864983851,0.75850022633589709
cumulative-state-load,gpt-5.6-sol-off,all-arms,dynamic,Omega_hat_StateLoad,59,100196.34848166823,0.64394234163999808,0.50682854851805481,0.76091765796789557
cumulative-state-load,gpt-5.6-sol-off,all-arms,dynamic,Omega_hat_StateLoad,60,103993.99874692765,0.64805749160453197,0.5124855320373477,0.76333848582553754
cumulative-state-load,gpt-5.6-sol-off,all-arms,dynamic,Omega_hat_StateLoad,61,107935.58786580569,0.6521507723977612,0.51811092421859006,0.7657627480130329
cumulative-state-load,gpt-5.6-sol-off,all-arms,dynamic,Omega_hat_StateLoad,62,112026.57142060563,0.65622170048688122,0.52370266249787134,0.76819047041718014
cumulative-state-load,gpt-5.6-sol-off,all-arms,dynamic,Omega_hat_StateLoad,63,116272.61177156115,0.66026980480318376,0.52925873041874061,0.77062166553689293
cumulative-state-load,gpt-5.6-sol-off,all-arms,dynamic,Omega_hat_StateLoad,64,120679.58589415067,0.66429462689343322,0.53477716125688524,0.77305633127913065
cumulative-state-load,gpt-5.6-sol-off,all-arms,dynamic,Omega_hat_StateLoad,65,125253.59351346194,0.66829572105739943,0.54025604157555618,0.77549444972695958
cumulative-state-load,gpt-5.6-sol-off,all-arms,dynamic,Omega_hat_StateLoad,66,130000.96554686614,0.67227265447159101,0.54569351469957339,0.7779359858864443
cumulative-state-load,gpt-5.6-sol-off,all-arms,dynamic,Omega_hat_StateLoad,67,134928.27286668657,0.67622500729924884,0.55108778409516457,0.78038088642008874
cumulative-state-load,gpt-5.6-sol-off,all-arms,dynamic,Omega_hat_StateLoad,68,140042.33539499232,0.68015237278669272,0.55643711664240125,0.78282907837557159
cumulative-state-load,gpt-5.6-sol-off,all-arms,dynamic,Omega_hat_StateLoad,69,145350.23154310038,0.68405435734612119,0.5617398457864391,0.78528046791955086
cumulative-state-load,gpt-5.6-sol-off,all-arms,dynamic,Omega_hat_StateLoad,70,150859.30800885765,0.68793058062500201,0.56699437455328472,0.78773493908733261
cumulative-state-load,gpt-5.6-sol-off,all-arms,dynamic,Omega_hat_StateLoad,71,156577.18994525884,0.69178067556219969,0.57219917841540524,0.79019235256013609
cumulative-state-load,gpt-5.6-sol-off,all-arms,dynamic,Omega_hat_StateLoad,72,162511.79151447647,0.69560428843101241,0.57735280799208444,0.79265254448260269
cumulative-state-load,gpt-5.6-sol-off,all-arms,dynamic,Omega_hat_StateLoad,73,168671.32684191057,0.69940107886930181,0.5824538915691938,0.79511532533397766
cumulative-state-load,gpt-5.6-sol-off,all-arms,dynamic,Omega_hat_StateLoad,74,175064.32138541964,0.70317071989693203,0.58750113742290344,0.79758047886705663
cumulative-state-load,gpt-5.6-sol-off,all-arms,dynamic,Omega_hat_StateLoad,75,181699.62373546918,0.70691289792073098,0.59249333593184816,0.80004776112950005
cumulative-state-load,gpt-5.6-sol-off,all-arms,dynamic,Omega_hat_StateLoad,76,188586.41786253048,0.71062731272722379,0.59742936146248626,0.80251689958242978
cumulative-state-load,gpt-5.6-sol-off,all-arms,dynamic,Omega_hat_StateLoad,77,195734.23582868115,0.71431367746338592,0.6023081740127143,0.80498759233135164
cumulative-state-load,gpt-5.6-sol-off,all-arms,dynamic,Omega_hat_StateLoad,78,203152.97098100197,0.71797171860569131,0.6071288205994958,0.80745950748427486
cumulative-state-load,gpt-5.6-sol-off,all-arms,dynamic,Omega_hat_StateLoad,79,210852.89164503088,0.72160117591773509,0.61189043637704965,0.80993228265153427
cumulative-state-load,gpt-5.6-sol-off,all-arms,dynamic,Omega_hat_StateLoad,80,218844.65533722739,0.72520180239672882,0.61659224547329905,0.81240552460113613
cumulative-state-load,gpt-5.6-sol-off,all-arms,dynamic,Omega_hat_StateLoad,81,227139.32351611898,0.72877336420917227,0.62123356153365739,0.81487880908247157
cumulative-state-load,gpt-5.6-sol-off,all-arms,dynamic,Omega_hat_StateLoad,82,235748.37689254669,0.73231564061602172,0.62581378796289044,0.8173516808299971
cumulative-state-load,gpt-5.6-sol-off,all-arms,dynamic,Omega_hat_StateLoad,83,244683.73132020084,0.73582842388767988,0.63033241785770733,0.81982365375691701
cumulative-state-load,gpt-5.6-sol-off,all-arms,dynamic,Omega_hat_StateLoad,84,253957.75428844139,0.73931151920914384,0.63478903362491168,0.82229421134709513
cumulative-state-load,gpt-5.6-sol-off,all-arms,dynamic,Omega_hat_StateLoad,85,263583.28204023,0.74276474457565123,0.63918330628235542,0.82476280725131101
cumulative-state-load,gpt-5.6-sol-off,all-arms,dynamic,Omega_hat_StateLoad,86,273573.63733886811,0.74618793067917855,0.6435149944425268,0.82722886609169477
cumulative-state-load,gpt-5.6-sol-off,all-arms,dynamic,Omega_hat_StateLoad,87,283942.64790813072,0.74958092078614236,0.64778394298136921,0.82969178447566427
cumulative-state-load,gpt-5.6-sol-off,all-arms,dynamic,Omega_hat_StateLoad,88,294704.66557131987,0.75294357060666461,0.65199008139779802,0.83215093221805392
cumulative-state-load,gpt-5.6-sol-off,all-arms,dynamic,Omega_hat_StateLoad,89,305874.58611572848,0.75627574815576837,0.65613342187231805,0.83460565376740747
cumulative-state-load,gpt-5.6-sol-off,all-arms,dynamic,Omega_hat_StateLoad,90,317467.86991000798,0.75957733360686441,0.66021405703606917,0.83705526982964373
cumulative-state-load,gpt-5.6-sol-off,all-arms,dynamic,Omega_hat_StateLoad,91,329500.56330297794,0.76284821913790613,0.66423215746450082,0.83949907917960154
cumulative-state-load,gpt-5.6-sol-off,all-arms,dynamic,Omega_hat_StateLoad,92,341989.3208334943,0.76608830877057299,0.66818796891261356,0.84193636064833177
cumulative-state-load,gpt-5.6-sol-off,all-arms,dynamic,Omega_hat_StateLoad,93,354951.42828211881,0.76929751820286307,0.67208180931129768,0.84436637527154013
cumulative-state-load,gpt-5.6-sol-off,all-arms,dynamic,Omega_hat_StateLoad,94,368404.82659649366,0.7724757746354558,0.67591406554659406,0.84678836858232776
cumulative-state-load,gpt-5.6-sol-off,all-arms,dynamic,Omega_hat_StateLoad,95,382368.1367235388,0.77562301659222133,0.67968519004575101,0.84920157302939803
cumulative-state-load,gpt-5.6-sol-off,all-arms,dynamic,Omega_hat_StateLoad,96,396860.68538284017,0.77873919373524003,0.68339569719564153,0.85160521050020854
cumulative-state-load,gpt-5.6-sol-off,all-arms,dynamic,Omega_hat_StateLoad,97,411902.53181690379,0.7818242666746984,0.68704615962044036,0.85399849492723034
cumulative-state-load,gpt-5.6-sol-off,all-arms,dynamic,Omega_hat_StateLoad,98,427514.49555529968,0.78487820677402276,0.69063720434636278,0.85638063495452776
cumulative-state-load,gpt-5.6-sol-off,all-arms,dynamic,Omega_hat_StateLoad,99,443718.18523112527,0.78790099595061081,0.69416950888180373,0.85875083664130869
cumulative-state-load,gpt-5.6-sol-off,all-arms,dynamic,Omega_hat_StateLoad,100,460536.02848967182,0.79089262647251235,0.69764379724130454,0.86110830617893475
cumulative-state-load,gpt-5.6-sol-off,all-arms,dynamic,Omega_hat_StateLoad,101,477991.30303069268,0.79385310075141002,0.70106083594146174,0.86345225259811209
cumulative-state-load,gpt-5.6-sol-off,all-arms,dynamic,Omega_hat_StateLoad,102,496108.16882723727,0.79678243113224478,0.70442142999619051,0.86578189044359088
cumulative-state-load,gpt-5.6-sol-off,all-arms,dynamic,Omega_hat_StateLoad,103,514911.70156564662,0.7996806396798195,0.70772641893769794,0.86809644239463801
cumulative-state-load,gpt-5.6-sol-off,all-arms,dynamic,Omega_hat_StateLoad,104,534427.92735299375,0.80254775796271949,0.71097667288813204,0.87039514181082889
cumulative-state-load,gpt-5.6-sol-off,all-arms,dynamic,Omega_hat_StateLoad,105,554683.8587400089,0.80538382683486653,0.71417308870518392,0.87267723518422757
cumulative-state-load,gpt-5.6-sol-off,all-arms,dynamic,Omega_hat_StateLoad,106,575707.53210934834,0.80818889621503154,0.71731658622301908,0.87494198448080474
cumulative-state-load,gpt-5.6-sol-off,all-arms,dynamic,Omega_hat_StateLoad,107,597528.0464809566,0.81096302486461036,0.72040810460780857,0.87718866935586781
cumulative-state-load,gpt-5.6-sol-off,all-arms,dynamic,Omega_hat_StateLoad,108,620175.6037882322,0.81370628016396962,0.72344859884489232,0.87941658923036958
cumulative-state-load,gpt-5.6-sol-off,all-arms,dynamic,Omega_hat_StateLoad,109,643681.55068074504,0.81641873788765273,0.72643903637227303,0.88162506521710415
cumulative-state-load,gpt-5.6-sol-off,all-arms,dynamic,Omega_hat_StateLoad,110,668078.42191136233,0.81910048197873586,0.72938039387279552,0.88381344188798527
cumulative-state-load,gpt-5.6-sol-off,all-arms,dynamic,Omega_hat_StateLoad,111,693399.98536783864,0.8217516043226083,0.73227365423498703,0.88598108887577909
cumulative-state-load,gpt-5.6-sol-off,all-arms,dynamic,Omega_hat_StateLoad,112,719681.28881119541,0.8243722045204489,0.73511980369025653,0.88812740230578069
cumulative-state-load,gpt-5.6-sol-off,all-arms,dynamic,Omega_hat_StateLoad,113,746958.70838558348,0.82696238966265423,0.73791982913190257,0.89025180605495868
cumulative-state-load,gpt-5.6-sol-off,all-arms,dynamic,Omega_hat_StateLoad,114,775269.99896677001,0.82952227410247392,0.7406747156193032,0.89235375283801011
cumulative-state-load,gpt-5.6-sol-off,all-arms,dynamic,Omega_hat_StateLoad,115,804654.34641893778,0.83205197923008989,0.74338544406868889,0.89443272512152983
cumulative-state-load,gpt-5.6-sol-off,all-arms,dynamic,Omega_hat_StateLoad,116,835152.4218321261,0.83455163324737625,0.74605298913009577,0.89648823586913262
cumulative-state-load,gpt-5.6-sol-off,all-arms,dynamic,Omega_hat_StateLoad,117,866806.43781538401,0.83702137094355877,0.74867831724848166,0.89851982912179218
cumulative-state-load,gpt-5.6-sol-off,all-arms,dynamic,Omega_hat_StateLoad,118,899660.20692355093,0.83946133347199048,0.75126238490554231,0.90052708041892193
cumulative-state-load,gpt-5.6-sol-off,all-arms,dynamic,Omega_hat_StateLoad,119,933759.20229853364,0.84187166812824499,0.75380613703750732,0.90250959706681366
cumulative-state-load,gpt-5.6-sol-off,all-arms,dynamic,Omega_hat_StateLoad,120,969150.62060901453,0.84425252812972451,0.75631050562312907,0.90446701826192977
cumulative-state-load,gpt-5.6-sol-off,all-arms,dynamic,Omega_hat_StateLoad,121,1005883.4473757058,0.84660407239696733,0.75877640843518601,0.90639901507727894
cumulative-state-load,gpt-5.6-sol-off,all-arms,dynamic,Omega_hat_StateLoad,122,1044008.5247725662,0.84892646533682947,0.76120474794811066,0.90830529032064389
cumulative-state-load,gpt-5.6-sol-off,all-arms,dynamic,Omega_hat_StateLoad,123,1083578.6219978232,0.85121987662771059,0.76359641039380233,0.91018557827383095
cumulative-state-load,gpt-5.6-sol-off,all-arms,dynamic,Omega_hat_StateLoad,124,1124648.5083122167,0.8534844810069786,0.76595226495727431,0.91203964432235729
cumulative-state-load,gpt-5.6-sol-off,all-arms,dynamic,Omega_hat_StateLoad,125,1167275.0288455165,0.85572045806074348,0.76827316310353633,0.91386728448509924
cumulative-state-load,gpt-5.6-sol-off,all-arms,dynamic,Omega_hat_StateLoad,126,1211517.1832762929,0.85792799201612169,0.77055993802697642,0.91566832485343019
cumulative-state-load,gpt-5.6-sol-off,all-arms,dynamic,Omega_hat_StateLoad,127,1257436.2074938004,0.86010727153611799,0.77281340421446243,0.91744262094926377
cumulative-state-load,gpt-5.6-sol-off,all-arms,dynamic,Omega_hat_StateLoad,128,1305095.6583550193,0.86225848951725315,0.77503435711348034,0.91919005701121792
cumulative-state-load,gpt-5.6-sol-off,all-arms,dynamic,Omega_hat_StateLoad,129,1354561.5016541653,0.86438184289004538,0.77722357289675581,0.92091054521784821
cumulative-state-load,gpt-5.6-sol-off,all-arms,dynamic,Omega_hat_StateLoad,130,1405902.2034264288,0.86647753242245618,0.77938180831504278,0.92260402485655402
cumulative-state-load,gpt-5.6-sol-off,all-arms,dynamic,Omega_hat_StateLoad,131,1459188.8247123135,0.8685457625263957,0.78150980063002706,0.92427046144638703
cumulative-state-load,gpt-5.6-sol-off,all-arms,dynamic,Omega_hat_StateLoad,132,1514495.1199137412,0.87058674106737721,0.78360826761963498,0.92590984582254976
cumulative-state-load,gpt-5.6-sol-off,all-arms,dynamic,Omega_hat_StateLoad,133,1571897.6388780605,0.87260067917740525,0.78567790764837575,0.92752219318993701
cumulative-state-load,gpt-5.6-sol-off,all-arms,dynamic,Omega_hat_StateLoad,134,1631475.8328512479,0.87458779107116646,0.78771939979574457,0.92910754215258629
cumulative-state-load,gpt-5.6-sol-off,all-arms,dynamic,Omega_hat_StateLoad,135,1693312.164446959,0.87654829386559829,0.78973340403610726,0.93066595372543048
cumulative-state-load,gpt-5.6-sol-off,all-arms,dynamic,Omega_hat_StateLoad,136,1757492.2217836345,0.8784824074028863,0.79172056146389902,0.93219751033425235
cumulative-state-load,gpt-5.6-sol-off,all-arms,dynamic,Omega_hat_StateLoad,137,1824104.8369476402,0.88039035407695165,0.79368149455838533,0.93370231480926758
cumulative-state-load,gpt-5.6-sol-off,all-arms,dynamic,Omega_hat_StateLoad,138,1893242.2089464071,0.88227235866346754,0.7956168074826363,0.9351804893772756
cumulative-state-load,gpt-5.6-sol-off,all-arms,dynamic,Omega_hat_StateLoad,139,1965000.0313217512,0.88412864815345193,0.79752708641178482,0.93663217465686599
cumulative-state-load,gpt-5.6-sol-off,all-arms,dynamic,Omega_hat_StateLoad,140,2039477.6246000042,0.88595945159046363,0.79941289988601982,0.93805752866071257
cumulative-state-load,gpt-5.6-sol-off,all-arms,dynamic,Omega_hat_StateLoad,141,2116778.0737622799,0.88776499991143409,0.80127479918415179,0.93945672580856854
cumulative-state-load,gpt-5.6-sol-off,all-arms,dynamic,Omega_hat_StateLoad,142,2197008.3709251489,0.88954552579115476,0.80311331871395342,0.94082995595415386
cumulative-state-load,gpt-5.6-sol-off,all-arms,dynamic,Omega_hat_StateLoad,143,2280279.5634292103,0.89130126349043581,0.80492897641583261,0.94217742342875854
cumulative-state-load,gpt-5.6-sol-off,all-arms,dynamic,Omega_hat_StateLoad,144,2366706.9075405272,0.89303244870795051,0.80672227417671238,0.94349934610400432
cumulative-state-load,gpt-5.6-sol-off,all-arms,dynamic,Omega_hat_StateLoad,145,2456410.0279776654,0.89473931843576637,0.80849369825131212,0.94479595447588272
cumulative-state-load,gpt-5.6-sol-off,all-arms,dynamic,Omega_hat_StateLoad,146,2549513.0834851423,0.89642211081856926,0.81024371968831688,0.94606749077186125
cumulative-state-load,gpt-5.6-sol-off,all-arms,dynamic,Omega_hat_StateLoad,147,2646144.9386824514,0.89808106501657259,0.81197279475918926,0.9473142080825635
cumulative-state-load,gpt-5.6-sol-off,all-arms,dynamic,Omega_hat_StateLoad,148,2746439.342426524,0.89971642107210781,0.81368136538762947,0.94853636951925668
cumulative-state-load,gpt-5.6-sol-off,all-arms,dynamic,Omega_hat_StateLoad,149,2850535.1129345004,0.90132841977987932,0.81536985957793251,0.94973424739813306
cumulative-state-load,gpt-5.6-sol-off,all-arms,dynamic,Omega_hat_StateLoad,150,2958576.3299230374,0.90291730256087332,0.81703869184069344,0.95090812245214862
cumulative-state-load,gpt-5.6-sol-off,all-arms,dynamic,Omega_hat_StateLoad,151,3070712.5340300971,0.90448331133989524,0.81868826361452007,0.95205828307097529
cumulative-state-load,gpt-5.6-sol-off,all-arms,dynamic,Omega_hat_StateLoad,152,3187098.93379523,0.90602668842671641,0.8203189636825885,0.95318502456943832
cumulative-state-load,gpt-5.6-sol-off,all-arms,dynamic,Omega_hat_StateLoad,153,3307896.6204848788,0.90754767640080114,0.82193116858303816,0.95428864848464634
cumulative-state-load,gpt-5.6-sol-off,all-arms,dynamic,Omega_hat_StateLoad,154,3433272.7910599322,0.90904651799958558,0.8235252430123684,0.95536946190186867
cumulative-state-load,gpt-5.6-sol-off,all-arms,dynamic,Omega_hat_StateLoad,155,3563400.9795942889,0.91052345601027207,0.82510154022110516,0.95642777680908608
cumulative-state-load,gpt-5.6-sol-off,all-arms,dynamic,Omega_hat_StateLoad,156,3698461.2974646334,0.91197873316511124,0.82666040240116301,0.95746390948002102
cumulative-state-load,gpt-5.6-sol-off,all-arms,dynamic,Omega_hat_StateLoad,157,3838640.6826439044,0.91341259204012226,0.82820216106440914,0.95847817988535267
cumulative-state-load,gpt-5.6-sol-off,all-arms,dynamic,Omega_hat_StateLoad,158,3984133.1584435119,0.9148252749572211,0.82972713741205106,0.95947091113172778
cumulative-state-load,gpt-5.6-sol-off,all-arms,dynamic,Omega_hat_StateLoad,159,4135140.1020624209,0.91621702388970827,0.83123564269455164,0.96044242892810738
cumulative-state-load,gpt-5.6-sol-off,all-arms,dynamic,Omega_hat_StateLoad,160,4291870.523314801,0.91758808037107187,0.83272797856185155,0.96139306107891598
cumulative-state-load,gpt-5.6-sol-off,all-arms,dynamic,Omega_hat_StateLoad,161,4454541.3539220421,0.91893868540706103,0.83420443740375327,0.96232313700340788
cumulative-state-load,gpt-5.6-sol-off,all-arms,dynamic,Omega_hat_StateLoad,162,4623377.747769529,0.92026907939097868,0.83566530268037931,0.96323298728061324
cumulative-state-load,gpt-5.6-sol-off,all-arms,dynamic,Omega_hat_StateLoad,163,4798613.3925437871,0.92157950202214611,0.83711084924266765,0.96412294321919345
cumulative-state-load,gpt-5.6-sol-off,all-arms,dynamic,Omega_hat_StateLoad,164,4980490.8331813114,0.92287019222748534,0.83854134364292243,0.9649933364514981
cumulative-state-load,gpt-5.6-sol-off,all-arms,dynamic,Omega_hat_StateLoad,165,5169261.8075767858,0.92414138808616864,0.83995704443546848,0.96584449855109333
cumulative-state-load,gpt-5.6-sol-off,all-arms,dynamic,Omega_hat_StateLoad,166,5365187.595015347,0.92539332675728025,0.84135820246750315,0.96667676067301622
cumulative-state-load,gpt-5.6-sol-off,all-arms,dynamic,Omega_hat_StateLoad,167,5568539.3778111478,0.92662624441043495,0.84274506116025849,0.96749045321599003
cumulative-state-load,gpt-5.6-sol-off,all-arms,dynamic,Omega_hat_StateLoad,168,5779598.6166527811,0.92784037615929915,0.84411785678062534,0.96828590550583316
cumulative-state-load,gpt-5.6-sol-off,all-arms,dynamic,Omega_hat_StateLoad,169,5998657.4401750788,0.92903595599795574,0.84547681870340119,0.96906344549928691
cumulative-state-load,gpt-5.6-sol-off,all-arms,dynamic,Omega_hat_StateLoad,170,6226019.0492964843,0.93021321674005708,0.84682216966434432,0.96982339950748964
cumulative-state-load,gpt-5.6-sol-off,all-arms,dynamic,Omega_hat_StateLoad,171,6461998.1368816653,0.93137238996070959,0.84815412600423767,0.97056609193832921
cumulative-state-load,gpt-5.6-sol-off,all-arms,dynamic,Omega_hat_StateLoad,172,6706921.3233102048,0.93251370594102767,0.84947289790417091,0.97129184505690458
cumulative-state-load,gpt-5.6-sol-off,all-arms,dynamic,Omega_hat_StateLoad,173,6961127.6085542524,0.93363739361530262,0.85077868961225644,0.97200097876334979
cumulative-state-load,gpt-5.6-sol-off,all-arms,dynamic,Omega_hat_StateLoad,174,7224968.8413908696,0.93474368052072543,0.85207169966201723,0.97269381038727054
cumulative-state-load,gpt-5.6-sol-off,all-arms,dynamic,Omega_hat_StateLoad,175,7498810.2063984871,0.93583279274960618,0.85335212108266478,0.97337065449806648
cumulative-state-load,gpt-5.6-sol-off,all-arms,dynamic,Omega_hat_StateLoad,176,7783030.7294115536,0.93690495490402936,0.85462014160151556,0.97403182273042266
cumulative-state-load,gpt-5.6-sol-off,all-arms,dynamic,Omega_hat_StateLoad,177,8078023.8021329576,0.93796039005288767,0.85587594383877419,0.97467762362426968
cumulative-state-load,gpt-5.6-sol-off,all-arms,dynamic,Omega_hat_StateLoad,178,8384197.7266303636,0.9389993196912354,0.85711970549492433,0.97530836247853281
cumulative-state-load,gpt-5.6-sol-off,all-arms,dynamic,Omega_hat_StateLoad,179,8701976.2804700844,0.94002196370190128,0.85835159953096996,0.97592434121800065
cumulative-state-load,gpt-5.6-sol-off,all-arms,dynamic,Omega_hat_StateLoad,180,9031799.303270705,0.94102854031930538,0.85957179434175068,0.97652585827267357
cumulative-state-load,gpt-5.6-sol-off,all-arms,dynamic,Omega_hat_StateLoad,181,9374123.3054883219,0.94201926609541908,0.86078045392257707,0.97711320846895966
cumulative-state-load,gpt-5.6-sol-off,all-arms,dynamic,Omega_hat_StateLoad,182,9729422.1002759933,0.942994355867812,0.86197773802940747,0.97768668293211469
cumulative-state-load,gpt-5.6-sol-off,all-arms,dynamic,Omega_hat_StateLoad,183,10098187.459291985,0.94395402272972939,0.86316380233279788,0.97824656899933871
cumulative-state-load,gpt-5.6-sol-off,all-arms,dynamic,Omega_hat_StateLoad,184,10480929.793364527,0.94489847800214066,0.86433879856584306,0.9787931501429602
cumulative-state-load,gpt-5.6-sol-off,all-arms,dynamic,Omega_hat_StateLoad,185,10878178.85895516,0.94582793120770581,0.86550287466632903,0.9793267059031634
cumulative-state-load,gpt-5.6-sol-off,all-arms,dynamic,Omega_hat_StateLoad,186,11290484.491398528,0.94674259004660388,0.86665617491330837,0.97984751182972929
cumulative-state-load,gpt-5.6-sol-off,all-arms,dynamic,Omega_hat_StateLoad,187,11718417.365933487,0.94764266037416489,0.86779884005830521,0.98035583943228577
cumulative-state-load,gpt-5.6-sol-off,all-arms,dynamic,Omega_hat_StateLoad,188,12162569.787578871,0.94852834618025605,0.86893100745135399,0.9808519561385759
cumulative-state-load,gpt-5.6-sol-off,all-arms,dynamic,Omega_hat_StateLoad,189,12623556.510947196,0.94939984957036472,0.8700528111620619,0.98133612526028036
cumulative-state-load,gpt-5.6-sol-off,all-arms,dynamic,Omega_hat_StateLoad,190,13102015.591131009,0.95025737074832839,0.87116438209589531,0.9818086059659421
cumulative-state-load,gpt-5.6-sol-off,all-arms,dynamic,Omega_hat_StateLoad,191,13598609.26683961,0.95110110800065573,0.87226584810586316,0.98226965326056193
cumulative-state-load,gpt-5.6-sol-off,all-arms,dynamic,Omega_hat_StateLoad,192,14114024.877008488,0.95193125768239206,0.87335733409978655,0.98271951797145807
cumulative-state-load,gpt-5.6-sol-off,all-arms,dynamic,Omega_hat_StateLoad,193,14648975.812150158,0.95274801420447464,0.87443896214332117,0.9831584467399892
cumulative-state-load,gpt-5.6-sol-off,all-arms,dynamic,Omega_hat_StateLoad,194,15204202.501763195,0.95355157002252988,0.87551085155890074,0.98358668201876809
cumulative-state-load,gpt-5.6-sol-off,all-arms,dynamic,Omega_hat_StateLoad,195,15780473.439166095,0.95434211562706439,0.87657311902076585,0.98400446207400616
cumulative-state-load,gpt-5.6-sol-off,all-arms,dynamic,Omega_hat_StateLoad,196,16378586.245174518,0.95511983953500046,0.87762587864622965,0.98441202099264358
cumulative-state-load,gpt-5.6-sol-off,all-arms,dynamic,Omega_hat_StateLoad,197,16999368.77209406,0.95588492828250982,0.87866924208333574,0.98480958869393942
cumulative-state-load,gpt-5.6-sol-off,all-arms,dynamic,Omega_hat_StateLoad,198,17643680.249556702,0.95663756641909881,0.87970331859504791,0.98519739094521031
cumulative-state-load,gpt-5.6-sol-off,all-arms,dynamic,Omega_hat_StateLoad,199,18312412.473786812,0.95737793650289982,0.88072821514011623,0.98557564938141806
cumulative-state-load,gpt-5.6-sol-off,all-arms,dynamic,Omega_hat_StateLoad,200,19006491.041942816,0.95810621909712634,0.88174403645074961,0.98594458152832942
cumulative-state-load,gpt-5.6-sol-off,all-arms,dynamic,Omega_hat_StateLoad,201,19726876.633242991,0.95882259276764459,0.8827508851072271,0.98630440082897364
cumulative-state-load,gpt-5.6-sol-off,all-arms,dynamic,Omega_hat_StateLoad,202,20474566.338648584,0.95952723408162355,0.88374886160957056,0.98665531667314743
cumulative-state-load,gpt-5.6-sol-off,all-arms,dynamic,Omega_hat_StateLoad,203,21250595.040944718,0.96022031760721738,0.88473806444639991,0.98699753442972382
cumulative-state-load,gpt-5.6-sol-off,all-arms,dynamic,Omega_hat_StateLoad,204,22056036.847129192,0.96090201591424396,0.88571859016108223,0.98733125548153478
cumulative-state-load,gpt-5.6-sol-off,all-arms,dynamic,Omega_hat_StateLoad,205,22892006.575091846,0.9615724995758157,0.88669053341529058,0.98765667726261408
cumulative-state-load,gpt-5.6-sol-off,all-arms,dynamic,Omega_hat_StateLoad,206,23759661.29664214,0.9622319371708874,0.88765398705007459,0.98797399329758928
cumulative-state-load,gpt-5.6-sol-off,all-arms,dynamic,Omega_hat_StateLoad,207,24660201.93902069,0.9628804952876806,0.88860904214454239,0.98828339324303205
cumulative-state-load,gpt-5.6-sol-off,all-arms,dynamic,Omega_hat_StateLoad,208,25594874.947111465,0.96351833852794899,0.88955578807225988,0.98858506293058279
cumulative-state-load,gpt-5.6-sol-off,all-arms,dynamic,Omega_hat_StateLoad,209,26564974.008655239,0.96414562951204752,0.89049431255545097,0.98887918441167288
cumulative-state-load,gpt-5.6-sol-off,all-arms,dynamic,Omega_hat_StateLoad,210,27571841.84485225,0.96476252888477299,0.89142470171709676,0.98916593600368319
cumulative-state-load,gpt-5.6-sol-off,all-arms,dynamic,Omega_hat_StateLoad,211,28616872.068832427,0.96536919532193743,0.89234704013101429,0.98944549233738266
cumulative-state-load,gpt-5.6-sol-off,all-arms,dynamic,Omega_hat_StateLoad,212,29701511.11456551,0.96596578553764434,0.89326141087000155,0.98971802440550216
cumulative-state-load,gpt-5.6-sol-off,all-arms,dynamic,Omega_hat_StateLoad,213,30827260.238880873,0.96655245429223535,0.89416789555212528,0.98998369961230503
cumulative-state-load,gpt-5.6-sol-off,all-arms,dynamic,Omega_hat_StateLoad,214,31995677.599368077,0.96712935440087311,0.89506657438522907,0.9902426818240242
cumulative-state-load,gpt-5.6-sol-off,all-arms,dynamic,Omega_hat_StateLoad,215,33208380.411034171,0.96769663674273287,0.8959575262097349,0.99049513142004908
cumulative-state-load,gpt-5.6-sol-off,all-arms,dynamic,Omega_hat_StateLoad,216,34467047.184702799,0.96825445027076984,0.89684082853980551,0.99074120534474086
cumulative-state-load,gpt-5.6-sol-off,all-arms,dynamic,Omega_hat_StateLoad,217,35773420.050253317,0.96880294202203687,0.897716557602938,0.99098105715977569
cumulative-state-load,gpt-5.6-sol-off,all-arms,dynamic,Omega_hat_StateLoad,218,37129307.167915463,0.96934225712852062,0.89858478837805111,0.99121483709691127
cumulative-state-load,gpt-5.6-sol-off,all-arms,dynamic,Omega_hat_StateLoad,219,38536585.23095715,0.96987253882847224,0.89944559463212714,0.99144269211108471
cumulative-state-load,gpt-5.6-sol-off,all-arms,dynamic,Omega_hat_StateLoad,220,39997202.06322936,0.97039392847820383,0.90029904895546831,0.99166476593375408
cumulative-state-load,gpt-5.6-sol-off,all-arms,dynamic,Omega_hat_StateLoad,221,41513179.315163322,0.97090656556432486,0.90114522279562359,0.99188119912639883
cumulative-state-load,gpt-5.6-sol-off,all-arms,dynamic,Omega_hat_StateLoad,222,43086615.261951588,0.97141058771639621,0.90198418649003997,0.99209212913410583
cumulative-state-load,gpt-5.6-sol-off,all-arms,dynamic,Omega_hat_StateLoad,223,44719687.707786456,0.97190613071997511,0.90281600929749228,0.99229769033916826
cumulative-state-load,gpt-5.6-sol-off,all-arms,dynamic,Omega_hat_StateLoad,224,46414657.000174038,0.97239332853002736,0.9036407594283361,0.99249801411462901
cumulative-state-load,gpt-5.6-sol-off,all-arms,dynamic,Omega_hat_StateLoad,225,48173869.158498205,0.97287231328468771,0.90445850407363748,0.99269322887771017
cumulative-state-load,gpt-5.6-sol-off,all-arms,dynamic,Omega_hat_StateLoad,226,49999759.121163003,0.97334321531934176,0.90526930943321937,0.99288346014307016
cumulative-state-load,gpt-5.6-sol-off,all-arms,dynamic,Omega_hat_StateLoad,227,51894854.115808763,0.97380616318101187,0.9060732407426737,0.99306883057583062
cumulative-state-load,gpt-5.6-sol-off,all-arms,dynamic,Omega_hat_StateLoad,228,53861777.157266274,0.97426128364302511,0.90687036229937612,0.99324946004433456
cumulative-state-load,gpt-5.6-sol-off,all-arms,dynamic,Omega_hat_StateLoad,229,55903250.678090826,0.97470870171994295,0.90766073748754739,0.99342546567257783
cumulative-state-load,gpt-5.6-sol-off,all-arms,dynamic,Omega_hat_StateLoad,230,58022100.296701007,0.97514854068273493,0.90844442880239828,0.99359696189228253
cumulative-state-load,gpt-5.6-sol-off,all-arms,dynamic,Omega_hat_StateLoad,231,60221258.72833775,0.97558092207417724,0.90922149787339124,0.99376406049456723
cumulative-state-load,gpt-5.6-sol-off,all-arms,dynamic,Omega_hat_StateLoad,232,62503769.844257012,0.97600596572445775,0.9099920054866637,0.99392687068118257
cumulative-state-load,gpt-5.6-sol-off,all-arms,dynamic,Omega_hat_StateLoad,233,64872792.884774141,0.97642378976697153,0.91075601160663533,0.99408549911527821
cumulative-state-load,gpt-5.6-sol-off,all-arms,dynamic,Omega_hat_StateLoad,234,67331606.831991553,0.97683451065428861,0.91151357539683853,0.99424004997167237
cumulative-state-load,gpt-5.6-sol-off,all-arms,dynamic,Omega_hat_StateLoad,235,69883614.948261753,0.97723824317428121,0.91226475524000317,0.99439062498659803
cumulative-state-load,gpt-5.6-sol-off,all-arms,dynamic,Omega_hat_StateLoad,236,72532349.486667693,0.97763510046639079,0.91300960875742143,0.99453732350689938
cumulative-state-load,gpt-5.6-sol-off,all-arms,dynamic,Omega_hat_StateLoad,237,75281476.580040038,0.97802519403802335,0.91374819282762576,0.9946802425386605
cumulative-state-load,gpt-5.6-sol-off,all-arms,dynamic,Omega_hat_StateLoad,238,78134801.315278426,0.97840863378105725,0.91448056360440233,0.99481947679524274
cumulative-state-load,gpt-5.6-sol-off,all-arms,dynamic,Omega_hat_StateLoad,239,81096273.00000003,0.9787855279884512,0.91520677653417182,0.99495511874471654
cumulative-state-load,qwen3.8-27b-high,all-arms,dynamic,Omega_hat_StateLoad,0,11158.999999999996,0.0392632976514007,0.0095142980195549037,0.14812027873132241
cumulative-state-load,qwen3.8-27b-high,all-arms,dynamic,Omega_hat_StateLoad,1,11581.949338495931,0.040755242902780979,0.010011845146477953,0.1514595103053894
cumulative-state-load,qwen3.8-27b-high,all-arms,dynamic,Omega_hat_StateLoad,2,12020.92933770825,0.042301383650101783,0.010534944292237468,0.15486272613992533
cumulative-state-load,qwen3.8-27b-high,all-arms,dynamic,Omega_hat_StateLoad,3,12476.547593061785,0.043903496055334182,0.01108486281729891,0.15833064033659081
cumulative-state-load,qwen3.8-27b-high,all-arms,dynamic,Omega_hat_StateLoad,4,12949.434729113271,0.045563399666509331,0.011662926519079658,0.16186395173094228
cumulative-state-load,qwen3.8-27b-high,all-arms,dynamic,Omega_hat_StateLoad,5,13440.245272403417,0.047282957295093304,0.012270521879048507,0.16546334268361179
cumulative-state-load,qwen3.8-27b-high,all-arms,dynamic,Omega_hat_StateLoad,6,13949.658557391869,0.049064074776865994,0.012909098348801065,0.16912947784741539
cumulative-state-load,qwen3.8-27b-high,all-arms,dynamic,Omega_hat_StateLoad,7,14478.379666729001,0.050908700606553066,0.013580170669997761,0.17286300291199827
cumulative-state-load,qwen3.8-27b-high,all-arms,dynamic,Omega_hat_StateLoad,8,15027.14040716596,0.052818825436031176,0.014285321222194438,0.17666454332779127
cumulative-state-load,qwen3.8-27b-high,all-arms,dynamic,Omega_hat_StateLoad,9,15596.700322453744,0.054796481425511613,0.015026202391658271,0.18053470301120209
cumulative-state-load,qwen3.8-27b-high,all-arms,dynamic,Omega_hat_StateLoad,10,16187.847744633253,0.05684374143671217,0.01580453895323464,0.18447406303315472
cumulative-state-load,qwen3.8-27b-high,all-arms,dynamic,Omega_hat_StateLoad,11,16801.400885171432,0.058962718056644825,0.016622130456210419,0.1884831802932308
cumulative-state-load,qwen3.8-27b-high,all-arms,dynamic,Omega_hat_StateLoad,12,17438.208967453742,0.061155562440302527,0.017480853603901295,0.19256258618186026
cumulative-state-load,qwen3.8-27b-high,all-arms,dynamic,Omega_hat_StateLoad,13,18099.15340220042,0.063424462960205971,0.018382664615366723,0.19671278523316094
cumulative-state-load,qwen3.8-27b-high,all-arms,dynamic,Omega_hat_StateLoad,14,18785.149007433603,0.065771643650500616,0.019329601556229498,0.20093425377119975
cumulative-state-load,qwen3.8-27b-high,all-arms,dynamic,Omega_hat_StateLoad,15,19497.145274683502,0.06819936243306142,0.020323786624030872,0.20522743855261891
cumulative-state-load,qwen3.8-27b-high,all-arms,dynamic,Omega_hat_StateLoad,16,20236.127683186642,0.070709909112892669,0.02136742837189869,0.20959275540871949
cumulative-state-load,qwen3.8-27b-high,all-arms,dynamic,Omega_hat_StateLoad,17,21003.119063894865,0.07330560313000431,0.022462823852529529,0.21403058789026513
cumulative-state-load,qwen3.8-27b-high,all-arms,dynamic,Omega_hat_StateLoad,18,21799.181015183127,0.075988791054908161,0.023612360662589132,0.21854128591841329
cumulative-state-load,qwen3.8-27b-high,all-arms,dynamic,Omega_hat_StateLoad,19,22625.415372215553,0.078761843814933633,0.02481851886562484,0.2231251644453198
cumulative-state-load,qwen3.8-27b-high,all-arms,dynamic,Omega_hat_StateLoad,20,23482.965732003555,0.081627153638703945,0.02608387276944513,0.22778250212811416
cumulative-state-load,qwen3.8-27b-high,all-arms,dynamic,Omega_hat_StateLoad,21,24373.019036266804,0.084587130706363547,0.027411092531675823,0.23251354002003274
cumulative-state-load,qwen3.8-27b-high,all-arms,dynamic,Omega_hat_StateLoad,22,25296.807214287943,0.087644199493519148,0.028802945564837798,0.23731848028265276
cumulative-state-load,qwen3.8-27b-high,all-arms,dynamic,Omega_hat_StateLoad,23,26255.608888034898,0.090800794797344014,0.030262297709829539,0.24219748492321139
cumulative-state-load,qwen3.8-27b-high,all-arms,dynamic,Omega_hat_StateLoad,24,27250.751141910903,0.094059357433939061,0.03179211414413647,0.2471506745611276
cumulative-state-load,qwen3.8-27b-high,all-arms,dynamic,Omega_hat_StateLoad,25,28283.611359581715,0.097422329596822316,0.033395459988453717,0.25217812722784855
cumulative-state-load,qwen3.8-27b-high,all-arms,dynamic,Omega_hat_StateLoad,26,29355.619130422398,0.10089214986737714,0.035075500572705941,0.25727987720422668
cumulative-state-load,qwen3.8-27b-high,all-arms,dynamic,Omega_hat_StateLoad,27,30468.258228222447,0.10447124786921096,0.036835501319707226,0.26245591389961836
cumulative-state-load,qwen3.8-27b-high,all-arms,dynamic,Omega_hat_StateLoad,28,31623.06866488792,0.10816203855968921,0.038678827201947354,0.26770618077688069
cumulative-state-load,qwen3.8-27b-high,all-arms,dynamic,Omega_hat_StateLoad,29,32821.648821983166,0.11196691615342563,0.040608941724248726,0.27303057432743599
cumulative-state-load,qwen3.8-27b-high,all-arms,dynamic,Omega_hat_StateLoad,30,34065.657663062448,0.11588824767421792,0.042629405382355774,0.27842894310044169
cumulative-state-load,qwen3.8-27b-high,all-arms,dynamic,Omega_hat_StateLoad,31,35356.81702985349,0.11992836613386289,0.044743873544925532,0.28390108679006376
cumulative-state-load,qwen3.8-27b-high,all-arms,dynamic,Omega_hat_StateLoad,32,36696.914025471226,0.12408956333842933,0.046956093703951589,0.28944675538464104
cumulative-state-load,qwen3.8-27b-high,all-arms,dynamic,Omega_hat_StateLoad,33,38087.803487960271,0.128374082324963,0.049269902036414723,0.29506564838140437
cumulative-state-load,qwen3.8-27b-high,all-arms,dynamic,Omega_hat_StateLoad,34,39531.410557589756,0.13278410943420269,0.05168921921799377,0.30075741407013035
cumulative-state-load,qwen3.8-27b-high,all-arms,dynamic,Omega_hat_StateLoad,35,41029.733341454245,0.13732176602774551,0.054218045428046577,0.30652164888888983
cumulative-state-load,qwen3.8-27b-high,all-arms,dynamic,Omega_hat_StateLoad,36,42584.845679068065,0.14198909986116717,0.056860454483880871,0.31235789685468501
cumulative-state-load,qwen3.8-27b-high,all-arms,dynamic,Omega_hat_StateLoad,37,44198.90001278196,0.14678807612791259,0.059620587041658978,0.31826564907141325
cumulative-state-load,qwen3.8-27b-high,all-arms,dynamic,Omega_hat_StateLoad,38,45874.13036699417,0.15172056819228938,0.062502642801212108,0.3242443433171836
cumulative-state-load,qwen3.8-27b-high,all-arms,dynamic,Omega_hat_StateLoad,39,47612.855440279993,0.15678834803361777,0.065510871652708802,0.33029336371248463
cumulative-state-load,qwen3.8-27b-high,all-arms,dynamic,Omega_hat_StateLoad,40,49417.481814719373,0.16199307642749483,0.06864956370460433,0.33641204047018114
cumulative-state-load,qwen3.8-27b-high,all-arms,dynamic,Omega_hat_StateLoad,41,51290.507286864762,0.1673362928942119,0.071923038134750705,0.34259964972771173
cumulative-state-load,qwen3.8-27b-high,all-arms,dynamic,Omega_hat_StateLoad,42,53234.52432495961,0.17281940544855948,0.075335630810069665,0.34885541346113996
cumulative-state-load,qwen3.8-27b-high,all-arms,dynamic,Omega_hat_StateLoad,43,55252.223657192553,0.17844368018958298,0.078891680624920857,0.35517849948001362
cumulative-state-load,qwen3.8-27b-high,all-arms,dynamic,Omega_hat_StateLoad,44,57346.397995954001,0.18421023077322146,0.082595514514365212,0.36156802150111117
cumulative-state-load,qwen3.8-27b-high,all-arms,dynamic,Omega_hat_StateLoad,45,59519.945903249762,0.19012000781518448,0.08645143110604768,0.36802303929831404
cumulative-state-load,qwen3.8-27b-high,all-arms,dynamic,Omega_hat_StateLoad,46,61775.875802621864,0.19617378827579551,0.090463682983539254,0.37454255892481442
cumulative-state-load,qwen3.8-27b-high,all-arms,dynamic,Omega_hat_StateLoad,47,64117.310143129616,0.20237216488285636,0.094636457544783323,0.38112553300287438
cumulative-state-load,qwen3.8-27b-high,all-arms,dynamic,Omega_hat_StateLoad,48,66547.48972115411,0.20871553565275808,0.098973856451900016,0.38777086107519065
cumulative-state-load,qwen3.8-27b-high,all-arms,dynamic,Omega_hat_StateLoad,49,69069.77816600824,0.21520409357404915,0.10347987368308602,0.39447739001072057
cumulative-state-load,qwen3.8-27b-high,all-arms,dynamic,Omega_hat_StateLoad,50,71687.666595560542,0.22183781652140508,0.10815837221376057,0.40124391445659668
cumulative-state-load,qwen3.8-27b-high,all-arms,dynamic,Omega_hat_StateLoad,51,74404.778448317011,0.22861645747131829,0.11301305937250566,0.40806917732632425
cumulative-state-load,qwen3.8-27b-high,all-arms,dynamic,Omega_hat_StateLoad,52,77224.874498648787,0.23553953509383641,0.11804746093765971,0.41495187031315983
cumulative-state-load,qwen3.8-27b-high,all-arms,dynamic,Omega_hat_StateLoad,53,80151.858062107436,0.24260632479716684,0.12326489406268402,0.42189063441598207
cumulative-state-load,qwen3.8-27b-high,all-arms,dynamic,Omega_hat_StateLoad,54,83189.780398032555,0.2498158503039431,0.12866843914242787,0.42888406046355876
cumulative-state-load,qwen3.8-27b-high,all-arms,dynamic,Omega_hat_StateLoad,55,86342.846316929397,0.25716687583927134,0.13426091075810298,0.43593068962148418
cumulative-state-load,qwen3.8-27b-high,all-arms,dynamic,Omega_hat_StateLoad,56,89615.420000377868,0.26465789901131614,0.14004482786583089,0.44302901386454896
cumulative-state-load,qwen3.8-27b-high,all-arms,dynamic,Omega_hat_StateLoad,57,93012.031041528084,0.27228714446506946,0.14602238342184923,0.45017747639570671
cumulative-state-load,qwen3.8-27b-high,all-arms,dynamic,Omega_hat_StateLoad,58,96537.380714543382,0.28005255838898668,0.15219541366636705,0.45737447199130615
cumulative-state-load,qwen3.8-27b-high,all-arms,dynamic,Omega_hat_StateLoad,59,100196.34848166823,0.28795180395236625,0.15856536731734647,0.46461834725076445
cumulative-state-load,qwen3.8-27b-high,all-arms,dynamic,Omega_hat_StateLoad,60,103993.99874692765,0.29598225774858677,0.16513327495448149,0.47190740072751708
cumulative-state-load,qwen3.8-27b-high,all-arms,dynamic,Omega_hat_StateLoad,61,107935.58786580569,0.30414100731563148,0.1718997189018758,0.47923988291688074
cumulative-state-load,qwen3.8-27b-high,all-arms,dynamic,Omega_hat_StateLoad,62,112026.57142060563,0.31242484980063923,0.17886480394464505,0.48661399607543426
cumulative-state-load,qwen3.8-27b-high,all-arms,dynamic,Omega_hat_StateLoad,63,116272.61177156115,0.3208302918295588,0.18602812923912151,0.49402789384586043
cumulative-state-load,qwen3.8-27b-high,all-arms,dynamic,Omega_hat_StateLoad,64,120679.58589415067,0.32935355063635152,0.19338876179784548,0.50147968066076154
cumulative-state-load,qwen3.8-27b-high,all-arms,dynamic,Omega_hat_StateLoad,65,125253.59351346194,0.33799055649857296,0.20094521194804466,0.50896741089909159
cumulative-state-load,qwen3.8-27b-high,all-arms,dynamic,Omega_hat_StateLoad,66,130000.96554686614,0.34673695651767561,0.20869541117520715,0.51648908776940361
cumulative-state-load,qwen3.8-27b-high,all-arms,dynamic,Omega_hat_StateLoad,67,134928.27286668657,0.35558811977298577,0.21663669277050215,0.5240426618954277
cumulative-state-load,qwen3.8-27b-high,all-arms,dynamic,Omega_hat_StateLoad,68,140042.33539499232,0.36453914386818981,0.22476577570164358,0.53162602958144889
cumulative-state-load,qwen3.8-27b-high,all-arms,dynamic,Omega_hat_StateLoad,69,145350.23154310038,0.37358486287830189,0.23307875212017726,0.53923703073793638
cumulative-state-load,qwen3.8-27b-high,all-arms,dynamic,Omega_hat_StateLoad,70,150859.30800885765,0.38271985669371456,0.24157107890375668,0.54687344645175739
cumulative-state-load,qwen3.8-27b-high,all-arms,dynamic,Omega_hat_StateLoad,71,156577.18994525884,0.39193846174604269,0.25023757360874277,0.55453299619045582
cumulative-state-load,qwen3.8-27b-high,all-arms,dynamic,Omega_hat_StateLoad,72,162511.79151447647,0.4012347830883341,0.25907241517635354,0.56221333463639422
cumulative-state-load,qwen3.8-27b-high,all-arms,dynamic,Omega_hat_StateLoad,73,168671.32684191057,0.41060270778986852,0.26806914969389634,0.56991204815443874
cumulative-state-load,qwen3.8-27b-high,all-arms,dynamic,Omega_hat_StateLoad,74,175064.32138541964,0.42003591959347147,0.27722070146170297,0.57762665090605791
cumulative-state-load,qwen3.8-27b-high,all-arms,dynamic,Omega_hat_StateLoad,75,181699.62373546918,0.42952791477109287,0.28651938955597828,0.58535458063365964
cumulative-state-load,qwen3.8-27b-high,all-arms,dynamic,Omega_hat_StateLoad,76,188586.41786253048,0.43907201910161625,0.29595695000869371,0.59309319415141704
cumulative-state-load,qwen3.8-27b-high,all-arms,dynamic,Omega_hat_StateLoad,77,195734.23582868115,0.44866140588356163,0.30552456364837255,0.6008397625928692
cumulative-state-load,qwen3.8-27b-high,all-arms,dynamic,Omega_hat_StateLoad,78,203152.97098100197,0.45828911488473684,0.31521288956123927,0.60859146648112405
cumulative-state-load,qwen3.8-27b-high,all-arms,dynamic,Omega_hat_StateLoad,79,210852.89164503088,0.46794807212115452,0.32501210404218933,0.61634539070421701
cumulative-state-load,qwen3.8-27b-high,all-arms,dynamic,Omega_hat_StateLoad,80,218844.65533722739,0.47763111034875261,0.3349119448107456,0.62409851949602047
cumulative-state-load,qwen3.8-27b-high,all-arms,dynamic,Omega_hat_StateLoad,81,227139.32351611898,0.48733099014387027,0.34490176017093938,0.63184773154136187
cumulative-state-load,qwen3.8-27b-high,all-arms,dynamic,Omega_hat_StateLoad,82,235748.37689254669,0.49704042144205912,0.35497056269758548,0.63958979534250104
cumulative-state-load,qwen3.8-27b-high,all-arms,dynamic,Omega_hat_StateLoad,83,244683.73132020084,0.50675208539985539,0.36510708693766325,0.64732136500180926
cumulative-state-load,qwen3.8-27b-high,all-arms,dynamic,Omega_hat_StateLoad,84,253957.75428844139,0.51645865644058875,0.37529985052646597,0.6550389765919824
cumulative-state-load,qwen3.8-27b-high,all-arms,dynamic,Omega_hat_StateLoad,85,263583.28204023,0.52615282434330524,0.38553721803705215,0.66273904529914895
cumulative-state-load,qwen3.8-27b-high,all-arms,dynamic,Omega_hat_StateLoad,86,273573.63733886811,0.53582731623340141,0.39580746681047446,0.6704178635351612
cumulative-state-load,qwen3.8-27b-high,all-arms,dynamic,Omega_hat_StateLoad,87,283942.64790813072,0.54547491833463568,0.40609885395625295,0.67807160022185198
cumulative-state-load,qwen3.8-27b-high,all-arms,dynamic,Omega_hat_StateLoad,88,294704.66557131987,0.55508849734481935,0.41639968366971475,0.68569630145133753
cumulative-state-load,qwen3.8-27b-high,all-arms,dynamic,Omega_hat_StateLoad,89,305874.58611572848,0.56466102130155882,0.42669837398726784,0.69328789272141134
cumulative-state-load,qwen3.8-27b-high,all-arms,dynamic,Omega_hat_StateLoad,90,317467.86991000798,0.57418557980997997,0.43698352209420249,0.70084218293292511
cumulative-state-load,qwen3.8-27b-high,all-arms,dynamic,Omega_hat_StateLoad,91,329500.56330297794,0.5836554035111865,0.44724396731301297,0.70835487031628175
cumulative-state-load,qwen3.8-27b-high,all-arms,dynamic,Omega_hat_StateLoad,92,341989.3208334943,0.59306388267830479,0.45746885093443285,0.71582155042622986
cumulative-state-load,qwen3.8-27b-high,all-arms,dynamic,Omega_hat_StateLoad,93,354951.42828211881,0.6024045848361167,0.46764767210766806,0.723237726308396
cumulative-state-load,qwen3.8-27b-high,all-arms,dynamic,Omega_hat_StateLoad,94,368404.82659649366,0.61167127131038368,0.47777033908027094,0.73059882089747463
cumulative-state-load,qwen3.8-27b-high,all-arms,dynamic,Omega_hat_StateLoad,95,382368.1367235388,0.62085791262387768,0.48782721516946276,0.73790019165710097
cumulative-state-load,qwen3.8-27b-high,all-arms,dynamic,Omega_hat_StateLoad,96,396860.68538284017,0.62995870266761966,0.49780915895349714,0.74513714741600257
cumulative-state-load,qwen3.8-27b-high,all-arms,dynamic,Omega_hat_StateLoad,97,411902.53181690379,0.63896807158781588,0.50770755829042968,0.75230496729626906
cumulative-state-load,qwen3.8-27b-high,all-arms,dynamic,Omega_hat_StateLoad,98,427514.49555529968,0.64788069734119291,0.51751435789886713,0.75939892156932587
cumulative-state-load,qwen3.8-27b-high,all-arms,dynamic,Omega_hat_StateLoad,99,443718.18523112527,0.65669151588380037,0.52722208036689899,0.76641429421601304
cumulative-state-load,qwen3.8-27b-high,all-arms,dynamic,Omega_hat_StateLoad,100,460536.02848967182,0.66539572997060958,0.53682384058706079,0.77334640691146017
cumulative-state-load,qwen3.8-27b-high,all-arms,dynamic,Omega_hat_StateLoad,101,477991.30303069268,0.67398881655531695,0.54631335374278722,0.78019064410573569
cumulative-state-load,qwen3.8-27b-high,all-arms,dynamic,Omega_hat_StateLoad,102,496108.16882723727,0.68246653279145009,0.55568493709108679,0.78694247882988477
cumulative-state-load,qwen3.8-27b-high,all-arms,dynamic,Omega_hat_StateLoad,103,514911.70156564662,0.69082492064706391,0.56493350589377334,0.79359749882578701
cumulative-state-load,qwen3.8-27b-high,all-arms,dynamic,Omega_hat_StateLoad,104,534427.92735299375,0.69906031015590819,0.57405456394222765,0.80015143257898524
cumulative-state-load,qwen3.8-27b-high,all-arms,dynamic,Omega_hat_StateLoad,105,554683.8587400089,0.70716932133777421,0.58304418919628098,0.80660017482695223
cumulative-state-load,qwen3.8-27b-high,all-arms,dynamic,Omega_hat_StateLoad,106,575707.53210934834,0.71514886482979212,0.59189901511476528,0.81293981112173108
cumulative-state-load,qwen3.8-27b-high,all-arms,dynamic,Omega_hat_StateLoad,107,597528.0464809566,0.72299614127858691,0.60061620829312956,0.81916664104496195
cumulative-state-load,qwen3.8-27b-high,all-arms,dynamic,Omega_hat_StateLoad,108,620175.6037882322,0.73070863955044785,0.60919344304236267,0.82527719970426139
cumulative-state-load,qwen3.8-27b-high,all-arms,dynamic,Omega_hat_StateLoad,109,643681.55068074504,0.73828413382291747,0.61762887354440899,0.83126827718111984
cumulative-state-load,qwen3.8-27b-high,all-arms,dynamic,Omega_hat_StateLoad,110,668078.42191136233,0.74572067962648148,0.62592110420391034,0.83713693565013136
cumulative-state-load,qwen3.8-27b-high,all-arms,dynamic,Omega_hat_StateLoad,111,693399.98536783864,0.75301660890935418,0.63406915878659242,0.84288052394529667
cumulative-state-load,qwen3.8-27b-high,all-arms,dynamic,Omega_hat_StateLoad,112,719681.28881119541,0.76017052420165288,0.642072448893518,0.84849668940888412
cumulative-state-load,qwen3.8-27b-high,all-arms,dynamic,Omega_hat_StateLoad,113,746958.70838558348,0.76718129195766227,0.64993074227031189,0.85398338691973263
cumulative-state-load,qwen3.8-27b-high,all-arms,dynamic,Omega_hat_StateLoad,114,775269.99896677001,0.77404803515633869,0.65764413139414346,0.85933888505849931
cumulative-state-load,qwen3.8-27b-high,all-arms,dynamic,Omega_hat_StateLoad,115,804654.34641893778,0.78077012524084588,0.66521300272123873,0.86456176942534901
cumulative-state-load,qwen3.8-27b-high,all-arms,dynamic,Omega_hat_StateLoad,116,835152.4218321261,0.78734717347771543,0.67263800691640041,0.86965094317913116
cumulative-state-load,qwen3.8-27b-high,all-arms,dynamic,Omega_hat_StateLoad,117,866806.43781538401,0.79377902181530946,0.67992003032550319,0.87460562491487159
cumulative-state-load,qwen3.8-27b-high,all-arms,dynamic,Omega_hat_StateLoad,118,899660.20692355093,0.80006573331968611,0.68706016789393032,0.87942534403749006
cumulative-state-load,qwen3.8-27b-high,all-arms,dynamic,Omega_hat_StateLoad,119,933759.20229853364,0.80620758226376743,0.69405969767976605,0.88410993382333936
cumulative-state-load,qwen3.8-27b-high,all-arms,dynamic,Omega_hat_StateLoad,120,969150.62060901453,0.8122050439430214,0.70092005706123173,0.8886595223873589
cumulative-state-load,qwen3.8-27b-high,all-arms,dynamic,Omega_hat_StateLoad,121,1005883.4473757058,0.81805878428769807,0.70764282069405549,0.89307452179221836
cumulative-state-load,qwen3.8-27b-high,all-arms,dynamic,Omega_hat_StateLoad,122,1044008.5247725662,0.82376964933814623,0.71422968023638644,0.89735561554736543
cumulative-state-load,qwen3.8-27b-high,all-arms,dynamic,Omega_hat_StateLoad,123,1083578.6219978232,0.8293386546458863,0.72068242582674746,0.90150374475069928
cumulative-state-load,qwen3.8-27b-high,all-arms,dynamic,Omega_hat_StateLoad,124,1124648.5083122167,0.8347669746590658,0.72700292927400967,0.9055200931245857
cumulative-state-load,qwen3.8-27b-high,all-arms,dynamic,Omega_hat_StateLoad,125,1167275.0288455165,0.84005593214665997,0.73319312889737243,0.90940607119169303
cumulative-state-load,qwen3.8-27b-high,all-arms,dynamic,Omega_hat_StateLoad,126,1211517.1832762929,0.84520698771145997,0.739255015938168,0.91316329982573852
cumulative-state-load,qwen3.8-27b-high,all-arms,dynamic,Omega_hat_StateLoad,127,1257436.2074938004,0.85022172943746344,0.74519062245371259,0.91679359339829292
cumulative-state-load,qwen3.8-27b-high,all-arms,dynamic,Omega_hat_StateLoad,128,1305095.6583550193,0.85510186271289756,0.75100201059562333,0.92029894272636326
cumulative-state-load,qwen3.8-27b-high,all-arms,dynamic,Omega_hat_StateLoad,129,1354561.5016541653,0.85984920026572764,0.75669126317065138,0.92368149800712873
cumulative-state-load,qwen3.8-27b-high,all-arms,dynamic,Omega_hat_StateLoad,130,1405902.2034264288,0.86446565244424189,0.76226047538042152,0.92694355190679067
cumulative-state-load,qwen3.8-27b-high,all-arms,dynamic,Omega_hat_StateLoad,131,1459188.8247123135,0.86895321777113432,0.76771174763716421,0.93008752295052555
cumulative-state-load,qwen3.8-27b-high,all-arms,dynamic,Omega_hat_StateLoad,132,1514495.1199137412,0.87331397379549558,0.77304717935496858,0.93311593934059456
cumulative-state-load,qwen3.8-27b-high,all-arms,dynamic,Omega_hat_StateLoad,133,1571897.6388780605,0.8775500682632984,0.77826886361997827,0.93603142331015066
cumulative-state-load,qwen3.8-27b-high,all-arms,dynamic,Omega_hat_StateLoad,134,1631475.8328512479,0.88166371062330007,0.78337888264779043,0.93883667610158461
cumulative-state-load,qwen3.8-27b-high,all-arms,dynamic,Omega_hat_StateLoad,135,1693312.164446959,0.88565716388186799,0.78837930394192723,0.94153446364059812
cumulative-state-load,qwen3.8-27b-high,all-arms,dynamic,Omega_hat_StateLoad,136,1757492.2217836345,0.88953273681700196,0.79327217707324926,0.94412760296079024
cumulative-state-load,qwen3.8-27b-high,all-arms,dynamic,Omega_hat_StateLoad,137,1824104.8369476402,0.89329277655885364,0.79805953100639615,0.94661894941854685
cumulative-state-load,qwen3.8-27b-high,all-arms,dynamic,Omega_hat_StateLoad,138,1893242.2089464071,0.89693966154127058,0.80274337190563427,0.94901138472444069
cumulative-state-load,qwen3.8-27b-high,all-arms,dynamic,Omega_hat_StateLoad,139,1965000.0313217512,0.90047579482638185,0.80732568135862581,0.95130780580529173
cumulative-state-load,qwen3.8-27b-high,all-arms,dynamic,Omega_hat_StateLoad,140,2039477.6246000042,0.90390359780193663,0.81180841496264233,0.95351111450040948
cumulative-state-load,qwen3.8-27b-high,all-arms,dynamic,Omega_hat_StateLoad,141,2116778.0737622799,0.90722550424904147,0.81619350122338774,0.95562420808635395
cumulative-state-load,qwen3.8-27b-high,all-arms,dynamic,Omega_hat_StateLoad,142,2197008.3709251489,0.91044395477610107,0.82048284072199817,0.95764997061672419
cumulative-state-load,qwen3.8-27b-high,all-arms,dynamic,Omega_hat_StateLoad,143,2280279.5634292103,0.91356139161311689,0.82467830551074961,0.95959126505691261
cumulative-state-load,qwen3.8-27b-high,all-arms,dynamic,Omega_hat_StateLoad,144,2366706.9075405272,0.91658025375908125,0.82878173870262972,0.96145092618839501
cumulative-state-load,qwen3.8-27b-high,all-arms,dynamic,Omega_hat_StateLoad,145,2456410.0279776654,0.91950297247395441,0.83279495422416516,0.9632317542528136
cumulative-state-load,qwen3.8-27b-high,all-arms,dynamic,Omega_hat_StateLoad,146,2549513.0834851423,0.92233196710566179,0.83671973670472044,0.96493650930278396
cumulative-state-load,qwen3.8-27b-high,all-arms,dynamic,Omega_hat_StateLoad,147,2646144.9386824514,0.92506964124166091,0.84055784147899637,0.96656790622389732
cumulative-state-load,qwen3.8-27b-high,all-arms,dynamic,Omega_hat_StateLoad,148,2746439.342426524,0.92771837917389988,0.84431099468253434,0.96812861039068987
cumulative-state-load,qwen3.8-27b-high,all-arms,dynamic,Omega_hat_StateLoad,149,2850535.1129345004,0.9302805426654156,0.8479808934228783,0.96962123391833199
cumulative-state-load,qwen3.8-27b-high,all-arms,dynamic,Omega_hat_StateLoad,150,2958576.3299230374,0.93275846800636919,0.85156920601148156,0.97104833247133704
cumulative-state-load,qwen3.8-27b-high,all-arms,dynamic,Omega_hat_StateLoad,151,3070712.5340300971,0.93515446334700225,0.85507757224367598,0.97241240259063555
cumulative-state-load,qwen3.8-27b-high,all-arms,dynamic,Omega_hat_StateLoad,152,3187098.93379523,0.93747080629478508,0.85850760371593671,0.97371587950081495
cumulative-state-load,qwen3.8-27b-high,all-arms,dynamic,Omega_hat_StateLoad,153,3307896.6204848788,0.93970974176292721,0.86186088417138473,0.97496113536012474
cumulative-state-load,qwen3.8-27b-high,all-arms,dynamic,Omega_hat_StateLoad,154,3433272.7910599322,0.94187348005739546,0.86513896986593186,0.976150477916915
cumulative-state-load,qwen3.8-27b-high,all-arms,dynamic,Omega_hat_StateLoad,155,3563400.9795942889,0.9439641951896568,0.86834338994878568,0.97728614953747128
cumulative-state-load,qwen3.8-27b-high,all-arms,dynamic,Omega_hat_StateLoad,156,3698461.2974646334,0.94598402340248988,0.87147564685211387,0.97837032657166834
cumulative-state-load,qwen3.8-27b-high,all-arms,dynamic,Omega_hat_StateLoad,157,3838640.6826439044,0.9479350618964113,0.87453721668565232,0.97940511902444538
cumulative-state-load,qwen3.8-27b-high,all-arms,dynamic,Omega_hat_StateLoad,158,3984133.1584435119,0.94981936774450337,0.87752954963284024,0.98039257050277462
cumulative-state-load,qwen3.8-27b-high,all-arms,dynamic,Omega_hat_StateLoad,159,4135140.1020624209,0.9516389569837268,0.8804540703457846,0.98133465840951406
cumulative-state-load,qwen3.8-27b-high,all-arms,dynamic,Omega_hat_StateLoad,160,4291870.523314801,0.95339580387113554,0.88331217833693243,0.98223329435727758
cumulative-state-load,qwen3.8-27b-high,all-arms,dynamic,Omega_hat_StateLoad,161,4454541.3539220421,0.95509184029376182,0.8861052483658407,0.98309032477720237
cumulative-state-load,qwen3.8-27b-high,all-arms,dynamic,Omega_hat_StateLoad,162,4623377.747769529,0.95672895532133995,0.88883463081985548,0.98390753169920697
cumulative-state-load,qwen3.8-27b-high,all-arms,dynamic,Omega_hat_StateLoad,163,4798613.3925437871,0.95830899489142929,0.89150165208784549,0.98468663368203979
cumulative-state-load,qwen3.8-27b-high,all-arms,dynamic,Omega_hat_StateLoad,164,4980490.8331813114,0.95983376161692457,0.89410761492643809,0.98542928687304054
cumulative-state-load,qwen3.8-27b-high,all-arms,dynamic,Omega_hat_StateLoad,165,5169261.8075767858,0.96130501470637153,0.89665379881844076,0.98613708617913221
cumulative-state-load,qwen3.8-27b-high,all-arms,dynamic,Omega_hat_StateLoad,166,5365187.595015347,0.9627244699879357,0.899141460323301,0.98681156653207858
cumulative-state-load,qwen3.8-27b-high,all-arms,dynamic,Omega_hat_StateLoad,167,5568539.3778111478,0.96409380002831424,0.90157183341964564,0.98745420423248231
cumulative-state-load,qwen3.8-27b-high,all-arms,dynamic,Omega_hat_StateLoad,168,5779598.6166527811,0.9654146343383162,0.9039461298400151,0.98806641835838205
cumulative-state-load,qwen3.8-27b-high,all-arms,dynamic,Omega_hat_StateLoad,169,5998657.4401750788,0.96668855965727152,0.90626553939803722,0.98864957222559868
cumulative-state-load,qwen3.8-27b-high,all-arms,dynamic,Omega_hat_StateLoad,170,6226019.0492964843,0.96791712030885069,0.90853123030833161,0.98920497488820291
cumulative-state-load,qwen3.8-27b-high,all-arms,dynamic,Omega_hat_StateLoad,171,6461998.1368816653,0.96910181862130684,0.91074434949949201,0.98973388266861639
cumulative-state-load,qwen3.8-27b-high,all-arms,dynamic,Omega_hat_StateLoad,172,6706921.3233102048,0.97024411540554967,0.91290602292051737,0.99023750070793315
cumulative-state-load,qwen3.8-27b-high,all-arms,dynamic,Omega_hat_StateLoad,173,6961127.6085542524,0.97134543048486877,0.91501735584109445,0.99071698452803036
cumulative-state-load,qwen3.8-27b-high,all-arms,dynamic,Omega_hat_StateLoad,174,7224968.8413908696,0.97240714327051048,0.91707943314612961,0.99117344159796761
cumulative-state-load,qwen3.8-27b-high,all-arms,dynamic,Omega_hat_StateLoad,175,7498810.2063984871,0.97343059337767879,0.91909331962493412,0.99160793289802118
cumulative-state-load,qwen3.8-27b-high,all-arms,dynamic,Omega_hat_StateLoad,176,7783030.7294115536,0.97441708127690008,0.92106006025545761,0.99202147447547984
cumulative-state-load,qwen3.8-27b-high,all-arms,dynamic,Omega_hat_StateLoad,177,8078023.8021329576,0.97536786897603434,0.92298068048394655,0.99241503898706107
cumulative-state-load,qwen3.8-27b-high,all-arms,dynamic,Omega_hat_StateLoad,178,8384197.7266303636,0.97628418072854328,0.92485618650039447,0.99278955722345452
cumulative-state-load,qwen3.8-27b-high,all-arms,dynamic,Omega_hat_StateLoad,179,8701976.2804700844,0.9771672037639515,0.92668756551012432,0.99314591961211351
cumulative-state-load,qwen3.8-27b-high,all-arms,dynamic,Omega_hat_StateLoad,180,9031799.303270705,0.97801808903672838,0.92847578600182545,0.99348497769496169
cumulative-state-load,qwen3.8-27b-high,all-arms,dynamic,Omega_hat_StateLoad,181,9374123.3054883219,0.97883795199011769,0.93022179801233584,0.9938075455781834
cumulative-state-load,qwen3.8-27b-high,all-arms,dynamic,Omega_hat_StateLoad,182,9729422.1002759933,0.97962787333169987,0.93192653338844189,0.9941144013517198
cumulative-state-load,qwen3.8-27b-high,all-arms,dynamic,Omega_hat_StateLoad,183,10098187.459291985,0.98038889981774724,0.93359090604594885,0.99440628847650681
cumulative-state-load,qwen3.8-27b-high,all-arms,dynamic,Omega_hat_StateLoad,184,10480929.793364527,0.98112204504366174,0.93521581222623118,0.99468391713785176
cumulative-state-load,qwen3.8-27b-high,all-arms,dynamic,Omega_hat_StateLoad,185,10878178.85895516,0.98182829023802409,0.93680213075046803,0.99494796556369258
cumulative-state-load,qwen3.8-27b-high,all-arms,dynamic,Omega_hat_StateLoad,186,11290484.491398528,0.98250858505799565,0.93835072327173463,0.99519908130676515
cumulative-state-load,qwen3.8-27b-high,all-arms,dynamic,Omega_hat_StateLoad,187,11718417.365933487,0.98316384838402127,0.93986243452509832,0.99543788248998344
cumulative-state-load,qwen3.8-27b-high,all-arms,dynamic,Omega_hat_StateLoad,188,12162569.787578871,0.98379496911197006,0.94133809257585244,0.99566495901456709
cumulative-state-load,qwen3.8-27b-high,all-arms,dynamic,Omega_hat_StateLoad,189,12623556.510947196,0.98440280694103055,0.94277850906599514,0.99588087373066281
cumulative-state-load,qwen3.8-27b-high,all-arms,dynamic,Omega_hat_StateLoad,190,13102015.591131009,0.9849881931558474,0.94418447945904249,0.9960861635703907
cumulative-state-load,qwen3.8-27b-high,all-arms,dynamic,Omega_hat_StateLoad,191,13598609.26683961,0.9855519314015353,0.94555678328325099,0.99628134064341045
cumulative-state-load,qwen3.8-27b-high,all-arms,dynamic,Omega_hat_StateLoad,192,14114024.877008488,0.98609479845036352,0.94689618437330414,0.99646689329524429
cumulative-state-load,qwen3.8-27b-high,all-arms,dynamic,Omega_hat_StateLoad,193,14648975.812150158,0.98661754495902687,0.94820343111050831,0.99664328712871875
cumulative-state-load,qwen3.8-27b-high,all-arms,dynamic,Omega_hat_StateLoad,194,15204202.501763195,0.98712089621555421,0.94947925666152211,0.99681096598898922
cumulative-state-load,qwen3.8-27b-high,all-arms,dynamic,Omega_hat_StateLoad,195,15780473.439166095,0.98760555287501817,0.95072437921563968,0.99697035291270997
cumulative-state-load,qwen3.8-27b-high,all-arms,dynamic,Omega_hat_StateLoad,196,16378586.245174518,0.98807219168331972,0.95193950222062851,0.99712185104198769
cumulative-state-load,qwen3.8-27b-high,all-arms,dynamic,Omega_hat_StateLoad,197,16999368.77209406,0.98852146618841763,0.95312531461712435,0.99726584450381617
cumulative-state-load,qwen3.8-27b-high,all-arms,dynamic,Omega_hat_StateLoad,198,17643680.249556702,0.98895400743847095,0.95428249107156415,0.99740269925575664
cumulative-state-load,qwen3.8-27b-high,all-arms,dynamic,Omega_hat_StateLoad,199,18312412.473786812,0.98937042466643899,0.95541169220763966,0.99753276389865808
cumulative-state-load,qwen3.8-27b-high,all-arms,dynamic,Omega_hat_StateLoad,200,19006491.041942816,0.98977130596077123,0.95651356483624417,0.99765637045725875
cumulative-state-load,qwen3.8-27b-high,all-arms,dynamic,Omega_hat_StateLoad,201,19726876.633242991,0.99015721892188202,0.95758874218388101,0.99777383512953322
cumulative-state-load,qwen3.8-27b-high,all-arms,dynamic,Omega_hat_StateLoad,202,20474566.338648584,0.99052871130417486,0.95863784411949571,0.99788545900566439
cumulative-state-load,qwen3.8-27b-high,all-arms,dynamic,Omega_hat_StateLoad,203,21250595.040944718,0.99088631164344121,0.95966147737969232,0.99799152875754504
cumulative-state-load,qwen3.8-27b-high,all-arms,dynamic,Omega_hat_StateLoad,204,22056036.847129192,0.99123052986951099,0.96066023579228788,0.99809231729971282
cumulative-state-load,qwen3.8-27b-high,all-arms,dynamic,Omega_hat_StateLoad,205,22892006.575091846,0.99156185790408236,0.9616347004981628,0.99818808442262652
cumulative-state-load,qwen3.8-27b-high,all-arms,dynamic,Omega_hat_StateLoad,206,23759661.29664214,0.99188077024370358,0.96258544017135506,0.99827907739919797
cumulative-state-load,qwen3.8-27b-high,all-arms,dynamic,Omega_hat_StateLoad,207,24660201.93902069,0.99218772452792059,0.96351301123735256,0.99836553156548136
cumulative-state-load,qwen3.8-27b-high,all-arms,dynamic,Omega_hat_StateLoad,208,25594874.947111465,0.99248316209263765,0.96441795808953235,0.99844767087641528
cumulative-state-load,qwen3.8-27b-high,all-arms,dynamic,Omega_hat_StateLoad,209,26564974.008655239,0.99276750850877671,0.96530081330369766,0.99852570843751021
cumulative-state-load,qwen3.8-27b-high,all-arms,dynamic,Omega_hat_StateLoad,210,27571841.84485225,0.99304117410634551,0.96616209785066287,0.99859984701334747
cumulative-state-load,qwen3.8-27b-high,all-arms,dynamic,Omega_hat_StateLoad,211,28616872.068832427,0.99330455448405131,0.9670023213068395,0.99867027951375431
cumulative-state-load,qwen3.8-27b-high,all-arms,dynamic,Omega_hat_StateLoad,212,29701511.11456551,0.99355803100462414,0.96782198206277226,0.99873718945849177
cumulative-state-load,qwen3.8-27b-high,all-arms,dynamic,Omega_hat_StateLoad,213,30827260.238880873,0.99380197127603109,0.96862156752958228,0.99880075142128544
cumulative-state-load,qwen3.8-27b-high,all-arms,dynamic,Omega_hat_StateLoad,214,31995677.599368077,0.99403672961877676,0.96940155434327058,0.99886113145399413
cumulative-state-load,qwen3.8-27b-high,all-arms,dynamic,Omega_hat_StateLoad,215,33208380.411034171,0.99426264751951365,0.970162408566839,0.99891848749171241
cumulative-state-load,qwen3.8-27b-high,all-arms,dynamic,Omega_hat_StateLoad,216,34467047.184702799,0.99448005407118378,0.9709045858901878,0.99897296973955785
cumulative-state-load,qwen3.8-27b-high,all-arms,dynamic,Omega_hat_StateLoad,217,35773420.050253317,0.9946892663999366,0.97162853182775277,0.99902472104189577
cumulative-state-load,qwen3.8-27b-high,all-arms,dynamic,Omega_hat_StateLoad,218,37129307.167915463,0.99489059007907199,0.97233468191384032,0.99907387723471219
cumulative-state-load,qwen3.8-27b-high,all-arms,dynamic,Omega_hat_StateLoad,219,38536585.23095715,0.9950843195302681,0.97302346189563216,0.99912056748184086
cumulative-state-load,qwen3.8-27b-high,all-arms,dynamic,Omega_hat_StateLoad,220,39997202.06322936,0.99527073841235802,0.97369528792382265,0.99916491459571377
cumulative-state-load,qwen3.8-27b-high,all-arms,dynamic,Omega_hat_StateLoad,221,41513179.315163322,0.99545011999792465,0.97435056674086329,0.99920703534329125
cumulative-state-load,qwen3.8-27b-high,all-arms,dynamic,Omega_hat_StateLoad,222,43086615.261951588,0.99562272753799441,0.97498969586678541,0.99924704073780357
cumulative-state-load,qwen3.8-27b-high,all-arms,dynamic,Omega_hat_StateLoad,223,44719687.707786456,0.99578881461509838,0.97561306378257517,0.99928503631691346
cumulative-state-load,qwen3.8-27b-high,all-arms,dynamic,Omega_hat_StateLoad,224,46414657.000174038,0.99594862548498686,0.97622105011108429,0.99932112240788484
cumulative-state-load,qwen3.8-27b-high,all-arms,dynamic,Omega_hat_StateLoad,225,48173869.158498205,0.99610239540727608,0.97681402579545173,0.99935539438032783
cumulative-state-load,qwen3.8-27b-high,all-arms,dynamic,Omega_hat_StateLoad,226,49999759.121163003,0.99625035096530656,0.97739235327502316,0.99938794288706356
cumulative-state-load,qwen3.8-27b-high,all-arms,dynamic,Omega_hat_StateLoad,227,51894854.115808763,0.99639271037549215,0.9779563866587534,0.99941885409363374
cumulative-state-load,qwen3.8-27b-high,all-arms,dynamic,Omega_hat_StateLoad,228,53861777.157266274,0.99652968378644224,0.97850647189607876,0.9994482098969617
cumulative-state-load,qwen3.8-27b-high,all-arms,dynamic,Omega_hat_StateLoad,229,55903250.678090826,0.99666147356812895,0.97904294694525185,0.99947608813364597
cumulative-state-load,qwen3.8-27b-high,all-arms,dynamic,Omega_hat_StateLoad,230,58022100.296701007,0.99678827459137664,0.97956614193913183,0.99950256277835847
cumulative-state-load,qwen3.8-27b-high,all-arms,dynamic,Omega_hat_StateLoad,231,60221258.72833775,0.99691027449794445,0.98007637934842506,0.99952770413278791
cumulative-state-load,qwen3.8-27b-high,all-arms,dynamic,Omega_hat_StateLoad,232,62503769.844257012,0.99702765396146709,0.98057397414237335,0.99955157900556424
cumulative-state-load,qwen3.8-27b-high,all-arms,dynamic,Omega_hat_StateLoad,233,64872792.884774141,0.99714058693952468,0.98105923394689121,0.99957425088357044
cumulative-state-load,qwen3.8-27b-high,all-arms,dynamic,Omega_hat_StateLoad,234,67331606.831991553,0.99724924091709222,0.98153245920015286,0.9995957800950388
cumulative-state-load,qwen3.8-27b-high,all-arms,dynamic,Omega_hat_StateLoad,235,69883614.948261753,0.99735377714163576,0.98199394330563372,0.99961622396480954
cumulative-state-load,qwen3.8-27b-high,all-arms,dynamic,Omega_hat_StateLoad,236,72532349.486667693,0.99745435085009571,0.98244397278261264,0.99963563696211422
cumulative-state-load,qwen3.8-27b-high,all-arms,dynamic,Omega_hat_StateLoad,237,75281476.580040038,0.99755111148801323,0.98288282741414235,0.99965407084122904
cumulative-state-load,qwen3.8-27b-high,all-arms,dynamic,Omega_hat_StateLoad,238,78134801.315278426,0.99764420292103517,0.98331078039249642,0.99967157477533142
cumulative-state-load,qwen3.8-27b-high,all-arms,dynamic,Omega_hat_StateLoad,239,81096273.00000003,0.99773376363903699,0.98372809846210751,0.99968819548387644
cumulative-state-load,qwen3.8-27b-off,all-arms,dynamic,Omega_hat_StateLoad,0,11158.999999999996,0.95807204618891972,0.7129496816853379,0.99526575307508969
cumulative-state-load,qwen3.8-27b-off,all-arms,dynamic,Omega_hat_StateLoad,1,11581.949338495931,0.95815495782227167,0.71658330051295616,0.99520080404724487
cumulative-state-load,qwen3.8-27b-off,all-arms,dynamic,Omega_hat_StateLoad,2,12020.92933770825,0.95823771264646818,0.7201831409130226,0.9951351085073159
cumulative-state-load,qwen3.8-27b-off,all-arms,dynamic,Omega_hat_StateLoad,3,12476.547593061785,0.95832031092983538,0.7237489699325943,0.99506866328424159
cumulative-state-load,qwen3.8-27b-off,all-arms,dynamic,Omega_hat_StateLoad,4,12949.434729113271,0.95840275294035282,0.72728056989782397,0.99500146544285117
cumulative-state-load,qwen3.8-27b-off,all-arms,dynamic,Omega_hat_StateLoad,5,13440.245272403417,0.95848503894565251,0.73077773822368242,0.99493351229756355
cumulative-state-load,qwen3.8-27b-off,all-arms,dynamic,Omega_hat_StateLoad,6,13949.658557391869,0.95856716921301877,0.73424028721145318,0.99486480142664968
cumulative-state-load,qwen3.8-27b-off,all-arms,dynamic,Omega_hat_StateLoad,7,14478.379666729001,0.95864914400938916,0.73766804383454887,0.99479533068707682
cumulative-state-load,qwen3.8-27b-off,all-arms,dynamic,Omega_hat_StateLoad,8,15027.14040716596,0.95873096360135368,0.74106084951318563,0.9947250982299598
cumulative-state-load,qwen3.8-27b-off,all-arms,dynamic,Omega_hat_StateLoad,9,15596.700322453744,0.9588126282551549,0.74441855987846128,0.99465410251663122
cumulative-state-load,qwen3.8-27b-off,all-arms,dynamic,Omega_hat_StateLoad,10,16187.847744633253,0.95889413823668823,0.74774104452638179,0.99458234233535903
cumulative-state-load,qwen3.8-27b-off,all-arms,dynamic,Omega_hat_StateLoad,11,16801.400885171432,0.95897549381150138,0.7510281867623797,0.99450981681872708
cumulative-state-load,qwen3.8-27b-off,all-arms,dynamic,Omega_hat_StateLoad,12,17438.208967453742,0.95905669524479542,0.75427988333686691,0.99443652546170402
cumulative-state-load,qwen3.8-27b-off,all-arms,dynamic,Omega_hat_StateLoad,13,18099.15340220042,0.95913774280142372,0.75749604417235294,0.99436246814041751
cumulative-state-load,qwen3.8-27b-off,all-arms,dynamic,Omega_hat_StateLoad,14,18785.149007433603,0.95921863674589214,0.76067659208267102,0.99428764513166101
cumulative-state-load,qwen3.8-27b-off,all-arms,dynamic,Omega_hat_StateLoad,15,19497.145274683502,0.95929937734235948,0.76382146248483007,0.99421205713314742
cumulative-state-load,qwen3.8-27b-off,all-arms,dynamic,Omega_hat_StateLoad,16,20236.127683186642,0.95937996485463717,0.76693060310401739,0.99413570528454132
cumulative-state-load,qwen3.8-27b-off,all-arms,dynamic,Omega_hat_StateLoad,17,21003.119063894865,0.95946039954618989,0.77000397367226359,0.99405859118928197
cumulative-state-load,qwen3.8-27b-off,all-arms,dynamic,Omega_hat_StateLoad,18,21799.181015183127,0.95954068168013418,0.77304154562127636,0.99398071693722623
cumulative-state-load,qwen3.8-27b-off,all-arms,dynamic,Omega_hat_StateLoad,19,22625.415372215553,0.95962081151923995,0.77604330176992942,0.9939020851281295
cumulative-state-load,qwen3.8-27b-off,all-arms,dynamic,Omega_hat_StateLoad,20,23482.965732003555,0.95970078932592973,0.77900923600690541,0.99382269889598618
cumulative-state-load,qwen3.8-27b-off,all-arms,dynamic,Omega_hat_StateLoad,21,24373.019036266804,0.9597806153622791,0.78193935296895378,0.99374256193425303
cumulative-state-load,qwen3.8-27b-off,all-arms,dynamic,Omega_hat_StateLoad,22,25296.807214287943,0.95986028989001604,0.78483366771523766,0.99366167852197362
cumulative-state-load,qwen3.8-27b-off,all-arms,dynamic,Omega_hat_StateLoad,23,26255.608888034898,0.95993981317052179,0.78769220539821416,0.99358005355082413
cumulative-state-load,qwen3.8-27b-off,all-arms,dynamic,Omega_hat_StateLoad,24,27250.751141910903,0.96001918546483023,0.79051500093149307,0.9934976925531015
cumulative-state-load,qwen3.8-27b-off,all-arms,dynamic,Omega_hat_StateLoad,25,28283.611359581715,0.96009840703362859,0.79330209865509949,0.99341460173066942
cumulative-state-load,qwen3.8-27b-off,all-arms,dynamic,Omega_hat_StateLoad,26,29355.619130422398,0.96017747813725673,0.79605355199855654,0.99333078798487962
cumulative-state-load,qwen3.8-27b-off,all-arms,dynamic,Omega_hat_StateLoad,27,30468.258228222447,0.96025639903570759,0.79876942314219412,0.99324625894748531
cumulative-state-load,qwen3.8-27b-off,all-arms,dynamic,Omega_hat_StateLoad,28,31623.06866488792,0.960335169988627,0.80144978267706724,0.99316102301255815
cumulative-state-load,qwen3.8-27b-off,all-arms,dynamic,Omega_hat_StateLoad,29,32821.648821983166,0.96041379125531445,0.80409470926387128,0.99307508936942179
cumulative-state-load,qwen3.8-27b-off,all-arms,dynamic,Omega_hat_StateLoad,30,34065.657663062448,0.96049226309472191,0.80670428929120896,0.99298846803661123
cumulative-state-load,qwen3.8-27b-off,all-arms,dynamic,Omega_hat_StateLoad,31,35356.81702985349,0.96057058576545495,0.80927861653357303,0.99290116989686361
cumulative-state-load,qwen3.8-27b-off,all-arms,dynamic,Omega_hat_StateLoad,32,36696.914025471226,0.96064875952577233,0.8118177918093763,0.99281320673314555
cumulative-state-load,qwen3.8-27b-off,all-arms,dynamic,Omega_hat_StateLoad,33,38087.803487960271,0.96072678463358574,0.8143219226393652,0.99272459126571555
cumulative-state-load,qwen3.8-27b-off,all-arms,dynamic,Omega_hat_StateLoad,34,39531.410557589756,0.96080466134646092,0.81679112290573208,0.99263533719022112
cumulative-state-load,qwen3.8-27b-off,all-arms,dynamic,Omega_hat_StateLoad,35,41029.733341454245,0.96088238992161634,0.81922551251222886,0.99254545921681758
cumulative-state-load,qwen3.8-27b-off,all-arms,dynamic,Omega_hat_StateLoad,36,42584.845679068065,0.96095997061592398,0.82162521704559022,0.99245497311030151
cumulative-state-load,qwen3.8-27b-off,all-arms,dynamic,Omega_hat_StateLoad,37,44198.90001278196,0.96103740368590973,0.82399036743854315,0.99236389573123607
cumulative-state-load,qwen3.8-27b-off,all-arms,dynamic,Omega_hat_StateLoad,38,45874.13036699417,0.9611146893877528,0.82632109963468547,0.99227224507804745
cumulative-state-load,qwen3.8-27b-off,all-arms,dynamic,Omega_hat_StateLoad,39,47612.855440279993,0.9611918279772862,0.82861755425550321,0.99218004033005891
cumulative-state-load,qwen3.8-27b-off,all-arms,dynamic,Omega_hat_StateLoad,40,49417.481814719373,0.96126881970999589,0.83087987626979287,0.99208730189142647
cumulative-state-load,qwen3.8-27b-off,all-arms,dynamic,Omega_hat_StateLoad,41,51290.507286864762,0.9613456648410228,0.83310821466573681,0.99199405143592867
cumulative-state-load,qwen3.8-27b-off,all-arms,dynamic,Omega_hat_StateLoad,42,53234.52432495961,0.96142236362516087,0.83530272212589796,0.99190031195255568
cumulative-state-load,qwen3.8-27b-off,all-arms,dynamic,Omega_hat_StateLoad,43,55252.223657192553,0.96149891631685824,0.83746355470536671,0.99180610779183132
cumulative-state-load,qwen3.8-27b-off,all-arms,dynamic,Omega_hat_StateLoad,44,57346.397995954001,0.96157532317021654,0.8395908715133158,0.99171146471279459
cumulative-state-load,qwen3.8-27b-off,all-arms,dynamic,Omega_hat_StateLoad,45,59519.945903249762,0.96165158443899235,0.84168483439820152,0.991616409930551
cumulative-state-load,qwen3.8-27b-off,all-arms,dynamic,Omega_hat_StateLoad,46,61775.875802621864,0.9617277003765955,0.84374560763685602,0.99152097216429436
cumulative-state-load,qwen3.8-27b-off,all-arms,dynamic,Omega_hat_StateLoad,47,64117.310143129616,0.96180367123609023,0.84577335762771688,0.99142518168568461
cumulative-state-load,qwen3.8-27b-off,all-arms,dynamic,Omega_hat_StateLoad,48,66547.48972115411,0.96187949727019584,0.8477682525884378,0.99132907036745199
cumulative-state-load,qwen3.8-27b-off,all-arms,dynamic,Omega_hat_StateLoad,49,69069.77816600824,0.96195517873128467,0.84973046225813698,0.99123267173208274
cumulative-state-load,qwen3.8-27b-off,all-arms,dynamic,Omega_hat_StateLoad,50,71687.666595560542,0.96203071587138445,0.85166015760453651,0.99113602100042353
cumulative-state-load,qwen3.8-27b-off,all-arms,dynamic,Omega_hat_StateLoad,51,74404.778448317011,0.9621061089421773,0.8535575105362605,0.9910391551400215
cumulative-state-load,qwen3.8-27b-off,all-arms,dynamic,Omega_hat_StateLoad,52,77224.874498648787,0.96218135819499961,0.85542269362056844,0.99094211291300083
cumulative-state-load,qwen3.8-27b-off,all-arms,dynamic,Omega_hat_StateLoad,53,80151.858062107436,0.96225646388084285,0.85725587980680318,0.9908449349232491
cumulative-state-load,qwen3.8-27b-off,all-arms,dynamic,Omega_hat_StateLoad,54,83189.780398032555,0.96233142625035295,0.85905724215585888,0.99074766366267231
cumulative-state-load,qwen3.8-27b-off,all-arms,dynamic,Omega_hat_StateLoad,55,86342.846316929397,0.96240624555383103,0.86082695357597938,0.9906503435562436
cumulative-state-load,qwen3.8-27b-off,all-arms,dynamic,Omega_hat_StateLoad,56,89615.420000377868,0.96248092204123303,0.86256518656521375,0.99055302100555265
cumulative-state-load,qwen3.8-27b-off,all-arms,dynamic,Omega_hat_StateLoad,57,93012.031041528084,0.96255545596217029,0.86427211296088091,0.99045574443053708
cumulative-state-load,qwen3.8-27b-off,all-arms,dynamic,Omega_hat_StateLoad,58,96537.380714543382,0.96262984756590864,0.8659479036964044,0.99035856430903824
cumulative-state-load,qwen3.8-27b-off,all-arms,dynamic,Omega_hat_StateLoad,59,100196.34848166823,0.96270409710136995,0.86759272856590919,0.99026153321381039
cumulative-state-load,qwen3.8-27b-off,all-arms,dynamic,Omega_hat_StateLoad,60,103993.99874692765,0.96277820481713106,0.8692067559969886,0.99016470584657001
cumulative-state-load,qwen3.8-27b-off,all-arms,dynamic,Omega_hat_StateLoad,61,107935.58786580569,0.96285217096142406,0.87079015283207428,0.99006813906864699
cumulative-state-load,qwen3.8-27b-off,all-arms,dynamic,Omega_hat_StateLoad,62,112026.57142060563,0.96292599578213744,0.87234308411886807,0.98997189192776702
cumulative-state-load,qwen3.8-27b-off,all-arms,dynamic,Omega_hat_StateLoad,63,116272.61177156115,0.96299967952681464,0.87386571291031756,0.98987602568046218
cumulative-state-load,qwen3.8-27b-off,all-arms,dynamic,Omega_hat_StateLoad,64,120679.58589415067,0.96307322244265503,0.87535820007464538,0.98978060380957689
cumulative-state-load,qwen3.8-27b-off,all-arms,dynamic,Omega_hat_StateLoad,65,125253.59351346194,0.96314662477651458,0.87682070411596791,0.98968569203630186
cumulative-state-load,qwen3.8-27b-off,all-arms,dynamic,Omega_hat_StateLoad,66,130000.96554686614,0.96321988677490411,0.87825338100605399,0.9895913583261402
cumulative-state-load,qwen3.8-27b-off,all-arms,dynamic,Omega_hat_StateLoad,67,134928.27286668657,0.96329300868399137,0.87965638402782431,0.98949767288818313
cumulative-state-load,qwen3.8-27b-off,all-arms,dynamic,Omega_hat_StateLoad,68,140042.33539499232,0.96336599074960061,0.8810298636311793,0.98940470816703718
cumulative-state-load,qwen3.8-27b-off,all-arms,dynamic,Omega_hat_StateLoad,69,145350.23154310038,0.96343883321721202,0.88237396730179807,0.98931253882672987
cumulative-state-load,qwen3.8-27b-off,all-arms,dynamic,Omega_hat_StateLoad,70,150859.30800885765,0.96351153633196185,0.88368883944354304,0.98922124172588954
cumulative-state-load,qwen3.8-27b-off,all-arms,dynamic,Omega_hat_StateLoad,71,156577.18994525884,0.96358410033864406,0.88497462127513593,0.98913089588348568
cumulative-state-load,qwen3.8-27b-off,all-arms,dynamic,Omega_hat_StateLoad,72,162511.79151447647,0.96365652548170833,0.88623145074177412,0.98904158243439522
cumulative-state-load,qwen3.8-27b-off,all-arms,dynamic,Omega_hat_StateLoad,73,168671.32684191057,0.96372881200526195,0.88745946244235607,0.98895338457405768
cumulative-state-load,qwen3.8-27b-off,all-arms,dynamic,Omega_hat_StateLoad,74,175064.32138541964,0.96380096015306904,0.88865878757299421,0.98886638749147915
cumulative-state-load,qwen3.8-27b-off,all-arms,dynamic,Omega_hat_StateLoad,75,181699.62373546918,0.96387297016855022,0.88982955388746943,0.98878067828985472
cumulative-state-load,qwen3.8-27b-off,all-arms,dynamic,Omega_hat_StateLoad,76,188586.41786253048,0.96394484229478428,0.89097188567527941,0.98869634589409094
cumulative-state-load,qwen3.8-27b-off,all-arms,dynamic,Omega_hat_StateLoad,77,195734.23582868115,0.96401657677450703,0.89208590375789176,0.98861348094453638
cumulative-state-load,qwen3.8-27b-off,all-arms,dynamic,Omega_hat_StateLoad,78,203152.97098100197,0.96408817385011147,0.89317172550377588,0.98853217567627383
cumulative-state-load,qwen3.8-27b-off,all-arms,dynamic,Omega_hat_StateLoad,79,210852.89164503088,0.96415963376364866,0.89422946486274757,0.98845252378335891
cumulative-state-load,qwen3.8-27b-off,all-arms,dynamic,Omega_hat_StateLoad,80,218844.65533722739,0.96423095675682713,0.89525923242008398,0.98837462026747369
cumulative-state-load,qwen3.8-27b-off,all-arms,dynamic,Omega_hat_StateLoad,81,227139.32351611898,0.96430214307101392,0.89626113547079256,0.98829856127052262
cumulative-state-load,qwen3.8-27b-off,all-arms,dynamic,Omega_hat_StateLoad,82,235748.37689254669,0.96437319294723367,0.89723527811433212,0.98822444389080233
cumulative-state-load,qwen3.8-27b-off,all-arms,dynamic,Omega_hat_StateLoad,83,244683.73132020084,0.96444410662616897,0.89818176136995909,0.9881523659824758
cumulative-state-load,qwen3.8-27b-off,all-arms,dynamic,Omega_hat_StateLoad,84,253957.75428844139,0.96451488434816157,0.89910068331276971,0.98808242593821349
cumulative-state-load,qwen3.8-27b-off,all-arms,dynamic,Omega_hat_StateLoad,85,263583.28204023,0.96458552635321093,0.89999213923034604,0.98801472245499655
cumulative-state-load,qwen3.8-27b-off,all-arms,dynamic,Omega_hat_StateLoad,86,273573.63733886811,0.96465603288097546,0.90085622179977276,0.98794935428324149
cumulative-state-load,qwen3.8-27b-off,all-arms,dynamic,Omega_hat_StateLoad,87,283942.64790813072,0.96472640417077227,0.90169302128460715,0.98788641995957382
cumulative-state-load,qwen3.8-27b-off,all-arms,dynamic,Omega_hat_StateLoad,88,294704.66557131987,0.96479664046157809,0.90250262575120588,0.98782601752377008
cumulative-state-load,qwen3.8-27b-off,all-arms,dynamic,Omega_hat_StateLoad,89,305874.58611572848,0.96486674199202749,0.90328512130359895,0.98776824422058862
cumulative-state-load,qwen3.8-27b-off,all-arms,dynamic,Omega_hat_StateLoad,90,317467.86991000798,0.96493670900041528,0.90404059233590151,0.98771319618742437
cumulative-state-load,qwen3.8-27b-off,all-arms,dynamic,Omega_hat_StateLoad,91,329500.56330297794,0.96500654172469535,0.90476912180100666,0.98766096812894855
cumulative-state-load,qwen3.8-27b-off,all-arms,dynamic,Omega_hat_StateLoad,92,341989.3208334943,0.96507624040248075,0.90547079149410348,0.98761165298012576
cumulative-state-load,qwen3.8-27b-off,all-arms,dynamic,Omega_hat_StateLoad,93,354951.42828211881,0.9651458052710451,0.90614568234929593,0.98756534155923625
cumulative-state-load,qwen3.8-27b-off,all-arms,dynamic,Omega_hat_StateLoad,94,368404.82659649366,0.965215236567321,0.90679387474738782,0.98752212221276836
cumulative-state-load,qwen3.8-27b-off,all-arms,dynamic,Omega_hat_StateLoad,95,382368.1367235388,0.96528453452790153,0.9074154488326559,0.98748208045427499
cumulative-state-load,qwen3.8-27b-off,all-arms,dynamic,Omega_hat_StateLoad,96,396860.68538284017,0.96535369938904014,0.90801048483621438,0.98744529859951535
cumulative-state-load,qwen3.8-27b-off,all-arms,dynamic,Omega_hat_StateLoad,97,411902.53181690379,0.96542273138664991,0.90857906340337102,0.98741185540040455
cumulative-state-load,qwen3.8-27b-off,all-arms,dynamic,Omega_hat_StateLoad,98,427514.49555529968,0.9654916307563054,0.90912126592218012,0.98738182568049038
cumulative-state-load,qwen3.8-27b-off,all-arms,dynamic,Omega_hat_StateLoad,99,443718.18523112527,0.96556039773324087,0.90963717485024143,0.98735527997483141
cumulative-state-load,qwen3.8-27b-off,all-arms,dynamic,Omega_hat_StateLoad,100,460536.02848967182,0.96562903255235222,0.91012687403665982,0.98733228417729579
cumulative-state-load,qwen3.8-27b-off,all-arms,dynamic,Omega_hat_StateLoad,101,477991.30303069268,0.96569753544819592,0.91059044903597841,0.98731289919838638
cumulative-state-load,qwen3.8-27b-off,all-arms,dynamic,Omega_hat_StateLoad,102,496108.16882723727,0.9657659066549894,0.91102798741084801,0.9872971806367673
cumulative-state-load,qwen3.8-27b-off,all-arms,dynamic,Omega_hat_StateLoad,103,514911.70156564662,0.96583414640661236,0.91143957902017814,0.98728517846767472
cumulative-state-load,qwen3.8-27b-off,all-arms,dynamic,Omega_hat_StateLoad,104,534427.92735299375,0.96590225493660486,0.91182531628955121,0.98727693675136252
cumulative-state-load,qwen3.8-27b-off,all-arms,dynamic,Omega_hat_StateLoad,105,554683.8587400089,0.96597023247816971,0.9121852944607618,0.98727249336465739
cumulative-state-load,qwen3.8-27b-off,all-arms,dynamic,Omega_hat_StateLoad,106,575707.53210934834,0.96603807926417096,0.91251961181748598,0.98727187975855257
cumulative-state-load,qwen3.8-27b-off,all-arms,dynamic,Omega_hat_StateLoad,107,597528.0464809566,0.9661057955271346,0.9128283698842643,0.987275120744595
cumulative-state-load,qwen3.8-27b-off,all-arms,dynamic,Omega_hat_StateLoad,108,620175.6037882322,0.96617338149924947,0.91311167359622603,0.98728223431257867
cumulative-state-load,qwen3.8-27b-off,all-arms,dynamic,Omega_hat_StateLoad,109,643681.55068074504,0.9662408374123661,0.91336963143725947,0.98729323148177639
cumulative-state-load,qwen3.8-27b-off,all-arms,dynamic,Omega_hat_StateLoad,110,668078.42191136233,0.96630816349799842,0.91360235554467251,0.98730811618761449
cumulative-state-load,qwen3.8-27b-off,all-arms,dynamic,Omega_hat_StateLoad,111,693399.98536783864,0.96637535998732238,0.91380996177874108,0.98732688520533052
cumulative-state-load,qwen3.8-27b-off,all-arms,dynamic,Omega_hat_StateLoad,112,719681.28881119541,0.96644242711117723,0.91399256975595833,0.98734952811175303
cumulative-state-load,qwen3.8-27b-off,all-arms,dynamic,Omega_hat_StateLoad,113,746958.70838558348,0.96650936510006547,0.91415030284520793,0.98737602728592333
cumulative-state-load,qwen3.8-27b-off,all-arms,dynamic,Omega_hat_StateLoad,114,775269.99896677001,0.96657617418415265,0.91428328812653936,0.98740635794883258
cumulative-state-load,qwen3.8-27b-off,all-arms,dynamic,Omega_hat_StateLoad,115,804654.34641893778,0.96664285459326793,0.91439165631266695,0.98744048824210728
cumulative-state-load,qwen3.8-27b-off,all-arms,dynamic,Omega_hat_StateLoad,116,835152.4218321261,0.96670940655690429,0.91447554163376066,0.98747837934501703
cumulative-state-load,qwen3.8-27b-off,all-arms,dynamic,Omega_hat_StateLoad,117,866806.43781538401,0.96677583030421832,0.91453508168655229,0.98751998562874888
cumulative-state-load,qwen3.8-27b-off,all-arms,dynamic,Omega_hat_StateLoad,118,899660.20692355093,0.9668421260640313,0.91457041724918742,0.98756525484646851
cumulative-state-load,qwen3.8-27b-off,all-arms,dynamic,Omega_hat_StateLoad,119,933759.20229853364,0.96690829406482814,0.91458169206365281,0.98761412835729134
cumulative-state-load,qwen3.8-27b-off,all-arms,dynamic,Omega_hat_StateLoad,120,969150.62060901453,0.96697433453475834,0.91456905258798005,0.98766654138193233
cumulative-state-load,qwen3.8-27b-off,all-arms,dynamic,Omega_hat_StateLoad,121,1005883.4473757058,0.96704024770163655,0.9145326477207345,0.98772242328748105
cumulative-state-load,qwen3.8-27b-off,all-arms,dynamic,Omega_hat_StateLoad,122,1044008.5247725662,0.96710603379294158,0.91447262850057642,0.98778169789847492
cumulative-state-load,qwen3.8-27b-off,all-arms,dynamic,Omega_hat_StateLoad,123,1083578.6219978232,0.96717169303581796,0.91438914778392155,0.98784428383122003
cumulative-state-load,qwen3.8-27b-off,all-arms,dynamic,Omega_hat_StateLoad,124,1124648.5083122167,0.96723722565707493,0.91428235990387097,0.98791009484814274
cumulative-state-load,qwen3.8-27b-off,all-arms,dynamic,Omega_hat_StateLoad,125,1167275.0288455165,0.96730263188318766,0.91415242031372679,0.9879790402288281
cumulative-state-load,qwen3.8-27b-off,all-arms,dynamic,Omega_hat_StateLoad,126,1211517.1832762929,0.96736791194029681,0.91399948521846197,0.98805102515435383
cumulative-state-load,qwen3.8-27b-off,all-arms,dynamic,Omega_hat_StateLoad,127,1257436.2074938004,0.96743306605420865,0.91382371119752437,0.98812595110150048
cumulative-state-load,qwen3.8-27b-off,all-arms,dynamic,Omega_hat_StateLoad,128,1305095.6583550193,0.96749809445039603,0.91362525482231327,0.98820371624347425
cumulative-state-load,qwen3.8-27b-off,all-arms,dynamic,Omega_hat_StateLoad,129,1354561.5016541653,0.96756299735399742,0.91340427227159815,0.98828421585385384
cumulative-state-load,qwen3.8-27b-off,all-arms,dynamic,Omega_hat_StateLoad,130,1405902.2034264288,0.96762777498981845,0.91316091894800255,0.98836734271060678
cumulative-state-load,qwen3.8-27b-off,all-arms,dynamic,Omega_hat_StateLoad,131,1459188.8247123135,0.9676924275823312,0.91289534909852743,0.9884529874971818
cumulative-state-load,qwen3.8-27b-off,all-arms,dynamic,Omega_hat_StateLoad,132,1514495.1199137412,0.96775695535567441,0.91260771544188213,0.98854103919788716
cumulative-state-load,qwen3.8-27b-off,all-arms,dynamic,Omega_hat_StateLoad,133,1571897.6388780605,0.96782135853365425,0.91229816880518133,0.98863138548497453
cumulative-state-load,qwen3.8-27b-off,all-arms,dynamic,Omega_hat_StateLoad,134,1631475.8328512479,0.96788563733974409,0.91196685777231845,0.98872391309510554
cumulative-state-load,qwen3.8-27b-off,all-arms,dynamic,Omega_hat_StateLoad,135,1693312.164446959,0.96794979199708475,0.91161392834607224,0.98881850819311878
cumulative-state-load,qwen3.8-27b-off,all-arms,dynamic,Omega_hat_StateLoad,136,1757492.2217836345,0.96801382272848502,0.91123952362574556,0.98891505672128988
cumulative-state-load,qwen3.8-27b-off,all-arms,dynamic,Omega_hat_StateLoad,137,1824104.8369476402,0.96807772975642148,0.91084378350186546,0.98901344473253683
cumulative-state-load,qwen3.8-27b-off,all-arms,dynamic,Omega_hat_StateLoad,138,1893242.2089464071,0.9681415133030391,0.91042684436921006,0.98911355870629281
cumulative-state-load,qwen3.8-27b-off,all-arms,dynamic,Omega_hat_StateLoad,139,1965000.0313217512,0.96820517359015079,0.90998883885917392,0.98921528584602569
cumulative-state-load,qwen3.8-27b-off,all-arms,dynamic,Omega_hat_StateLoad,140,2039477.6246000042,0.96826871083923849,0.90952989559223185,0.98931851435763052
cumulative-state-load,qwen3.8-27b-off,all-arms,dynamic,Omega_hat_StateLoad,141,2116778.0737622799,0.96833212527145296,0.90905013895101983,0.98942313370816537
cumulative-state-load,qwen3.8-27b-off,all-arms,dynamic,Omega_hat_StateLoad,142,2197008.3709251489,0.96839541710761401,0.90854968887434784,0.98952903486461119
cumulative-state-load,qwen3.8-27b-off,all-arms,dynamic,Omega_hat_StateLoad,143,2280279.5634292103,0.96845858656821082,0.90802866067223909,0.98963611051255473
cumulative-state-load,qwen3.8-27b-off,all-arms,dynamic,Omega_hat_StateLoad,144,2366706.9075405272,0.96852163387340151,0.90748716486191427,0.98974425525486409
cumulative-state-load,qwen3.8-27b-off,all-arms,dynamic,Omega_hat_StateLoad,145,2456410.0279776654,0.96858455924301468,0.90692530702446983,0.98985336579061023
cumulative-state-load,qwen3.8-27b-off,all-arms,dynamic,Omega_hat_StateLoad,146,2549513.0834851423,0.96864736289654818,0.90634318768185618,0.98996334107461592
cumulative-state-load,qwen3.8-27b-off,all-arms,dynamic,Omega_hat_StateLoad,147,2646144.9386824514,0.96871004505317071,0.90574090219363124,0.99007408245816153
cumulative-state-load,qwen3.8-27b-off,all-arms,dynamic,Omega_hat_StateLoad,148,2746439.342426524,0.9687726059317211,0.90511854067286213,0.99018549381146903
cumulative-state-load,qwen3.8-27b-off,all-arms,dynamic,Omega_hat_StateLoad,149,2850535.1129345004,0.96883504575070889,0.9044761879204527,0.99029748162868581
cumulative-state-load,qwen3.8-27b-off,all-arms,dynamic,Omega_hat_StateLoad,150,2958576.3299230374,0.96889736472831411,0.90381392337710587,0.99040995511615848
cumulative-state-load,qwen3.8-27b-off,all-arms,dynamic,Omega_hat_StateLoad,151,3070712.5340300971,0.96895956308238806,0.90313182109207235,0.990522826264846
cumulative-state-load,qwen3.8-27b-off,all-arms,dynamic,Omega_hat_StateLoad,152,3187098.93379523,0.96902164103045418,0.90242994970779833,0.99063600990775935
cumulative-state-load,qwen3.8-27b-off,all-arms,dynamic,Omega_hat_StateLoad,153,3307896.6204848788,0.96908359878970618,0.90170837245956126,0.99074942376334807
cumulative-state-load,qwen3.8-27b-off,all-arms,dynamic,Omega_hat_StateLoad,154,3433272.7910599322,0.96914543657701036,0.9009671471891525,0.99086298846576271
cumulative-state-load,qwen3.8-27b-off,all-arms,dynamic,Omega_hat_StateLoad,155,3563400.9795942889,0.96920715460890494,0.90020632637168541,0.99097662758293392
cumulative-state-load,qwen3.8-27b-off,all-arms,dynamic,Omega_hat_StateLoad,156,3698461.2974646334,0.96926875310160021,0.89942595715459506,0.99109026762339703
cumulative-state-load,qwen3.8-27b-off,all-arms,dynamic,Omega_hat_StateLoad,157,3838640.6826439044,0.96933023227097903,0.89862608140791611,0.99120383803278012
cumulative-state-load,qwen3.8-27b-off,all-arms,dynamic,Omega_hat_StateLoad,158,3984133.1584435119,0.96939159233259753,0.89780673578494752,0.99131727118085766
cumulative-state-load,qwen3.8-27b-off,all-arms,dynamic,Omega_hat_StateLoad,159,4135140.1020624209,0.96945283350168387,0.89696795179244027,0.99143050234003316
cumulative-state-load,qwen3.8-27b-off,all-arms,dynamic,Omega_hat_StateLoad,160,4291870.523314801,0.96951395599314005,0.89610975586946995,0.99154346965609841
cumulative-state-load,qwen3.8-27b-off,all-arms,dynamic,Omega_hat_StateLoad,161,4454541.3539220421,0.96957496002154164,0.89523216947420292,0.99165611411206722
cumulative-state-load,qwen3.8-27b-off,all-arms,dynamic,Omega_hat_StateLoad,162,4623377.747769529,0.96963584580113737,0.89433520917778953,0.99176837948585517
cumulative-state-load,qwen3.8-27b-off,all-arms,dynamic,Omega_hat_StateLoad,163,4798613.3925437871,0.96969661354585035,0.89341888676466963,0.99188021230252899
cumulative-state-load,qwen3.8-27b-off,all-arms,dynamic,Omega_hat_StateLoad,164,4980490.8331813114,0.96975726346927793,0.89248320933861336,0.99199156178181147
cumulative-state-load,qwen3.8-27b-off,all-arms,dynamic,Omega_hat_StateLoad,165,5169261.8075767858,0.96981779578469174,0.89152817943385598,0.99210237978148497
cumulative-state-load,qwen3.8-27b-off,all-arms,dynamic,Omega_hat_StateLoad,166,5365187.595015347,0.96987821070503799,0.89055379513074151,0.99221262073729577
cumulative-state-load,qwen3.8-27b-off,all-arms,dynamic,Omega_hat_StateLoad,167,5568539.3778111478,0.96993850844293772,0.88956005017532147,0.99232224159991356
cumulative-state-load,qwen3.8-27b-off,all-arms,dynamic,Omega_hat_StateLoad,168,5779598.6166527811,0.96999868921068788,0.88854693410239782,0.9924312017694692
cumulative-state-load,qwen3.8-27b-off,all-arms,dynamic,Omega_hat_StateLoad,169,5998657.4401750788,0.97005875322025992,0.88751443236154315,0.99253946302814344
cumulative-state-load,qwen3.8-27b-off,all-arms,dynamic,Omega_hat_StateLoad,170,6226019.0492964843,0.97011870068330164,0.88646252644567214,0.99264698947124619
cumulative-state-load,qwen3.8-27b-off,all-arms,dynamic,Omega_hat_StateLoad,171,6461998.1368816653,0.97017853181113634,0.8853911940217617,0.99275374743718714
cumulative-state-load,qwen3.8-27b-off,all-arms,dynamic,Omega_hat_StateLoad,172,6706921.3233102048,0.97023824681476378,0.88430040906337681,0.9928597054367021
cumulative-state-load,qwen3.8-27b-off,all-arms,dynamic,Omega_hat_StateLoad,173,6961127.6085542524,0.97029784590486001,0.8831901419846675,0.99296483408166447
cumulative-state-load,qwen3.8-27b-off,all-arms,dynamic,Omega_hat_StateLoad,174,7224968.8413908696,0.97035732929177809,0.88206035977555841,0.99306910601378129
cumulative-state-load,qwen3.8-27b-off,all-arms,dynamic,Omega_hat_StateLoad,175,7498810.2063984871,0.97041669718554713,0.88091102613785999,0.99317249583343847
cumulative-state-load,qwen3.8-27b-off,all-arms,dynamic,Omega_hat_StateLoad,176,7783030.7294115536,0.97047594979587459,0.87974210162207733,0.9932749800289391
cumulative-state-load,qwen3.8-27b-off,all-arms,dynamic,Omega_hat_StateLoad,177,8078023.8021329576,0.97053508733214489,0.87855354376471362,0.99337653690634042
cumulative-state-load,qwen3.8-27b-off,all-arms,dynamic,Omega_hat_StateLoad,178,8384197.7266303636,0.97059411000341977,0.87734530722587534,0.99347714652008157
cumulative-state-load,qwen3.8-27b-off,all-arms,dynamic,Omega_hat_StateLoad,179,8701976.2804700844,0.97065301801843928,0.87611734392703766,0.9935767906045625
cumulative-state-load,qwen3.8-27b-off,all-arms,dynamic,Omega_hat_StateLoad,180,9031799.303270705,0.97071181158562214,0.87486960318882279,0.9936754525068201
cumulative-state-load,qwen3.8-27b-off,all-arms,dynamic,Omega_hat_StateLoad,181,9374123.3054883219,0.97077049091306478,0.87360203186867569,0.99377311712042016
cumulative-state-load,qwen3.8-27b-off,all-arms,dynamic,Omega_hat_StateLoad,182,9729422.1002759933,0.97082905620854298,0.87231457449833738,0.99386977082067329
cumulative-state-load,qwen3.8-27b-off,all-arms,dynamic,Omega_hat_StateLoad,183,10098187.459291985,0.97088750767951104,0.87100717342103551,0.99396540140126066
cumulative-state-load,qwen3.8-27b-off,all-arms,dynamic,Omega_hat_StateLoad,184,10480929.793364527,0.97094584553310292,0.86967976892831389,0.99405999801234435
cumulative-state-load,qwen3.8-27b-off,all-arms,dynamic,Omega_hat_StateLoad,185,10878178.85895516,0.97100406997613198,0.86833229939645129,0.9941535511002193
cumulative-state-load,qwen3.8-27b-off,all-arms,dynamic,Omega_hat_StateLoad,186,11290484.491398528,0.97106218121509114,0.86696470142242066,0.99424605234855579
cumulative-state-load,qwen3.8-27b-off,all-arms,dynamic,Omega_hat_StateLoad,187,11718417.365933487,0.97112017945615425,0.86557690995935632,0.99433749462126775
cumulative-state-load,qwen3.8-27b-off,all-arms,dynamic,Omega_hat_StateLoad,188,12162569.787578871,0.97117806490517422,0.86416885845150027,0.99442787190702897
cumulative-state-load,qwen3.8-27b-off,all-arms,dynamic,Omega_hat_StateLoad,189,12623556.510947196,0.97123583776768541,0.86274047896861206,0.99451717926545891
cumulative-state-load,qwen3.8-27b-off,all-arms,dynamic,Omega_hat_StateLoad,190,13102015.591131009,0.97129349824890288,0.86129170233983177,0.99460541277498271
cumulative-state-load,qwen3.8-27b-off,all-arms,dynamic,Omega_hat_StateLoad,191,13598609.26683961,0.97135104655372284,0.85982245828698922,0.99469256948236606
cumulative-state-load,qwen3.8-27b-off,all-arms,dynamic,Omega_hat_StateLoad,192,14114024.877008488,0.97140848288672299,0.85833267555736126,0.99477864735392219
cumulative-state-load,qwen3.8-27b-off,all-arms,dynamic,Omega_hat_StateLoad,193,14648975.812150158,0.97146580745216204,0.85682228205588373,0.99486364522837845
cumulative-state-load,qwen3.8-27b-off,all-arms,dynamic,Omega_hat_StateLoad,194,15204202.501763195,0.97152302045398187,0.85529120497682565,0.99494756277138519
cumulative-state-load,qwen3.8-27b-off,all-arms,dynamic,Omega_hat_StateLoad,195,15780473.439166095,0.97158012209580535,0.85373937093493335,0.99503040043165014
cumulative-state-load,qwen3.8-27b-off,all-arms,dynamic,Omega_hat_StateLoad,196,16378586.245174518,0.97163711258093854,0.8521667060960646,0.99511215939867037
cumulative-state-load,qwen3.8-27b-off,all-arms,dynamic,Omega_hat_StateLoad,197,16999368.77209406,0.97169399211237006,0.85057313630732445,0.99519284156203958
cumulative-state-load,qwen3.8-27b-off,all-arms,dynamic,Omega_hat_StateLoad,198,17643680.249556702,0.97175076089277168,0.84895858722672035,0.99527244947229432
cumulative-state-load,qwen3.8-27b-off,all-arms,dynamic,Omega_hat_StateLoad,199,18312412.473786812,0.97180741912449853,0.84732298445235266,0.99535098630327579
cumulative-state-load,qwen3.8-27b-off,all-arms,dynamic,Omega_hat_StateLoad,200,19006491.041942816,0.97186396700958888,0.84566625365115922,0.9954284558159634
cumulative-state-load,qwen3.8-27b-off,all-arms,dynamic,Omega_hat_StateLoad,201,19726876.633242991,0.97192040474976527,0.84398832068723406,0.99550486232375535
cumulative-state-load,qwen3.8-27b-off,all-arms,dynamic,Omega_hat_StateLoad,202,20474566.338648584,0.97197673254643446,0.84228911174972709,0.99558021065914915
cumulative-state-load,qwen3.8-27b-off,all-arms,dynamic,Omega_hat_StateLoad,203,21250595.040944718,0.97203295060068717,0.84056855348035875,0.99565450614179285
cumulative-state-load,qwen3.8-27b-off,all-arms,dynamic,Omega_hat_StateLoad,204,22056036.847129192,0.97208905911329924,0.83882657310053954,0.99572775454786511
cumulative-state-load,qwen3.8-27b-off,all-arms,dynamic,Omega_hat_StateLoad,205,22892006.575091846,0.9721450582847313,0.83706309853813421,0.99579996208074473
cumulative-state-load,qwen3.8-27b-off,all-arms,dynamic,Omega_hat_StateLoad,206,23759661.29664214,0.97220094831512927,0.83527805855385939,0.9958711353429347
cumulative-state-load,qwen3.8-27b-off,all-arms,dynamic,Omega_hat_StateLoad,207,24660201.93902069,0.97225672940432462,0.83347138286734046,0.99594128130919701
cumulative-state-load,qwen3.8-27b-off,all-arms,dynamic,Omega_hat_StateLoad,208,25594874.947111465,0.97231240175183464,0.83164300228282173,0.99601040730086354
cumulative-state-load,qwen3.8-27b-off,all-arms,dynamic,Omega_hat_StateLoad,209,26564974.008655239,0.97236796555686278,0.82979284881455084,0.99607852096128247
cumulative-state-load,qwen3.8-27b-off,all-arms,dynamic,Omega_hat_StateLoad,210,27571841.84485225,0.97242342101829848,0.82792085581182173,0.99614563023236313
cumulative-state-load,qwen3.8-27b-off,all-arms,dynamic,Omega_hat_StateLoad,211,28616872.068832427,0.97247876833471847,0.8260269580836892,0.9962117433321801
cumulative-state-load,qwen3.8-27b-off,all-arms,dynamic,Omega_hat_StateLoad,212,29701511.11456551,0.97253400770438592,0.82411109202334987,0.99627686873360233
cumulative-state-load,qwen3.8-27b-off,all-arms,dynamic,Omega_hat_StateLoad,213,30827260.238880873,0.97258913932525148,0.82217319573217618,0.99634101514390638
cumulative-state-load,qwen3.8-27b-off,all-arms,dynamic,Omega_hat_StateLoad,214,31995677.599368077,0.97264416339495319,0.82021320914340834,0.99640419148534365
cumulative-state-load,qwen3.8-27b-off,all-arms,dynamic,Omega_hat_StateLoad,215,33208380.411034171,0.97269908011081707,0.81823107414547724,0.99646640687662114
cumulative-state-load,qwen3.8-27b-off,all-arms,dynamic,Omega_hat_StateLoad,216,34467047.184702799,0.9727538896698571,0.81622673470495699,0.99652767061526393
cumulative-state-load,qwen3.8-27b-off,all-arms,dynamic,Omega_hat_StateLoad,217,35773420.050253317,0.9728085922687757,0.81420013698911819,0.9965879921608285
cumulative-state-load,qwen3.8-27b-off,all-arms,dynamic,Omega_hat_StateLoad,218,37129307.167915463,0.97286318810396366,0.81215122948806973,0.99664738111892803
cumulative-state-load,qwen3.8-27b-off,all-arms,dynamic,Omega_hat_StateLoad,219,38536585.23095715,0.97291767737150114,0.81007996313645603,0.99670584722604338
cumulative-state-load,qwen3.8-27b-off,all-arms,dynamic,Omega_hat_StateLoad,220,39997202.06322936,0.97297206026715743,0.80798629143469292,0.99676340033508803
cumulative-state-load,qwen3.8-27b-off,all-arms,dynamic,Omega_hat_StateLoad,221,41513179.315163322,0.97302633698639118,0.80587017056969557,0.99682005040169364
cumulative-state-load,qwen3.8-27b-off,all-arms,dynamic,Omega_hat_StateLoad,222,43086615.261951588,0.97308050772435106,0.8037315595350828,0.99687580747119131
cumulative-state-load,qwen3.8-27b-off,all-arms,dynamic,Omega_hat_StateLoad,223,44719687.707786456,0.97313457267587589,0.8015704202508015,0.99693068166625831
cumulative-state-load,qwen3.8-27b-off,all-arms,dynamic,Omega_hat_StateLoad,224,46414657.000174038,0.9731885320354946,0.79938671768214653,0.99698468317520283
cumulative-state-load,qwen3.8-27b-off,all-arms,dynamic,Omega_hat_StateLoad,225,48173869.158498205,0.9732423859974273,0.79718041995811839,0.99703782224086068
cumulative-state-load,qwen3.8-27b-off,all-arms,dynamic,Omega_hat_StateLoad,226,49999759.121163003,0.97329613475558452,0.79495149848908042,0.99709010915008012
cumulative-state-load,qwen3.8-27b-off,all-arms,dynamic,Omega_hat_StateLoad,227,51894854.115808763,0.97334977850356841,0.79269992808366196,0.99714155422376571
cumulative-state-load,qwen3.8-27b-off,all-arms,dynamic,Omega_hat_StateLoad,228,53861777.157266274,0.97340331743467279,0.79042568706484695,0.99719216780746345
cumulative-state-load,qwen3.8-27b-off,all-arms,dynamic,Omega_hat_StateLoad,229,55903250.678090826,0.97345675174188329,0.78812875738520638,0.99724196026245748
cumulative-state-load,qwen3.8-27b-off,all-arms,dynamic,Omega_hat_StateLoad,230,58022100.296701007,0.97351008161787733,0.78580912474119569,0.99729094195736379
cumulative-state-load,qwen3.8-27b-off,all-arms,dynamic,Omega_hat_StateLoad,231,60221258.72833775,0.97356330725502549,0.78346677868646808,0.99733912326019103
cumulative-state-load,qwen3.8-27b-off,all-arms,dynamic,Omega_hat_StateLoad,232,62503769.844257012,0.97361642884539057,0.78110171274412854,0.99738651453085625
cumulative-state-load,qwen3.8-27b-off,all-arms,dynamic,Omega_hat_StateLoad,233,64872792.884774141,0.97366944658072863,0.77871392451786881,0.99743312611412915
cumulative-state-load,qwen3.8-27b-off,all-arms,dynamic,Omega_hat_StateLoad,234,67331606.831991553,0.97372236065248907,0.77630341580189699,0.99747896833298899
cumulative-state-load,qwen3.8-27b-off,all-arms,dynamic,Omega_hat_StateLoad,235,69883614.948261753,0.9737751712518149,0.77387019268960233,0.99752405148237666
cumulative-state-load,qwen3.8-27b-off,all-arms,dynamic,Omega_hat_StateLoad,236,72532349.486667693,0.97382787856954334,0.77141426568086757,0.99756838582332075
cumulative-state-load,qwen3.8-27b-off,all-arms,dynamic,Omega_hat_StateLoad,237,75281476.580040038,0.97388048279620532,0.76893564978795215,0.99761198157742403
cumulative-state-load,qwen3.8-27b-off,all-arms,dynamic,Omega_hat_StateLoad,238,78134801.315278426,0.97393298412202711,0.76643436463986381,0.99765484892169287
cumulative-state-load,qwen3.8-27b-off,all-arms,dynamic,Omega_hat_StateLoad,239,81096273.00000003,0.97398538273692914,0.7639104345851313,0.99769699798369282
